OP,A1,A2,A3,A4,A5,A6,A7,A8,A9,A10
+,2649,963,384,442,190,696,599,676,389,87
+,1152,633,302,817,252,730,75,84,274,157
+,2826,728,802,649,157,757,398,324,369,109
+,104,5,965,315,455,368,779,276,104,135
+,365,191,441,459,570,568,524,417,105,26
+,578,362,567,95,611,612,803,332,884,394
+,1782,298,423,397,797,86,742,922,572,926
+,966,585,533,173,701,389,173,142,275,308
+,2677,504,149,64,171,445,282,431,306,495
+,1901,78,369,257,966,252,738,640,507,608
+,1500,200,468,109,138,311,6,971,405,340
+,2169,635,389,823,882,337,450,342,440,835
+,2731,880,666,997,608,139,307,328,617,970
+,1021,205,490,321,181,987,407,991,326,298
+,160,711,648,502,990,589,800,248,333,385
+,2047,836,804,402,373,116,954,577,204,606
+,561,184,698,786,563,27,975,744,472,965
+,2237,214,448,816,298,851,709,70,838,868
+,595,814,418,689,511,142,648,310,247,258
+,40,157,732,433,808,386,75,459,612,490
+,939,410,547,518,945,942,890,708,428,556
+,2046,809,991,368,718,916,831,549,608,653
+,2004,87,111,787,254,673,680,363,170,662
+,2134,45,576,660,693,662,409,990,770,339
+,87,815,440,108,10,100,264,227,522,764
+,1318,571,594,704,589,226,456,383,400,474
+,1449,695,602,707,512,154,353,25,494,107
+,1795,425,942,984,87,118,851,963,747,145
+,2604,319,351,466,803,211,533,494,356,487
+,889,448,739,713,463,326,68,307,45,829
+,1204,117,23,869,351,663,111,693,819,168
+,723,758,249,528,178,565,163,338,573,436
+,1047,473,237,816,414,644,188,190,655,673
+,1383,405,29,755,628,904,202,460,606,439
+,2929,4,721,219,210,285,770,720,828,815
+,1792,591,104,818,892,549,191,374,333,201
+,690,116,268,686,883,501,540,989,654,320
+,1750,397,625,401,601,116,356,360,865,468
+,2273,176,833,689,722,819,304,940,629,604
+,1436,688,137,320,120,244,312,119,187,382
+,1586,144,523,397,428,610,141,588,392,433
+,708,498,650,550,710,941,660,953,177,568
+,2501,501,295,143,191,322,862,461,634,54
+,243,367,974,9,496,139,199,834,393,986
+,992,517,668,506,418,701,503,425,727,860
+,1972,500,171,84,578,31,814,779,225,299
+,1970,281,230,550,295,172,799,468,579,760
+,2728,784,507,562,523,115,586,116,274,793
+,1818,843,375,555,842,774,42,778,736,451
+,978,223,435,104,753,849,669,769,253,304
+,957,33,460,269,356,882,836,89,449,886
+,2915,794,831,242,214,830,755,602,705,359
+,1505,727,624,647,438,169,630,142,803,211
+,534,211,824,60,583,359,545,287,611,551
+,251,331,720,299,296,586,273,975,878,526
+,2756,695,834,97,138,985,768,804,421,940
+,1052,283,887,671,129,718,886,135,255,149
+,2504,329,848,253,779,863,692,402,501,145
+,1231,647,275,642,424,384,462,77,648,813
+,540,787,95,412,527,767,284,711,958,898
+,1776,465,973,499,335,595,2,889,792,867
+,2147,95,748,995,469,650,680,714,366,870
+,1535,814,547,407,223,991,439,844,216,506
+,842,330,848,290,345,560,591,133,579,872
+,2640,807,351,915,698,780,49,47,101,641
+,537,856,470,16,127,951,878,161,451,467
+,21,981,438,207,705,931,135,903,665,309
+,1443,895,955,897,280,95,670,369,256,84
+,200,680,925,664,169,53,405,640,312,743
+,762,773,239,439,671,93,720,97,1,218
+,287,79,135,607,231,531,696,455,9,8
+,794,351,836,123,880,432,710,135,489,72
+,2322,392,91,748,825,104,105,320,376,902
+,2132,140,391,792,832,771,895,136,656,693
+,384,70,543,576,8,624,665,168,450,359
+,1490,218,643,766,155,941,421,630,703,453
+,826,222,88,918,102,143,770,126,603,747
+,366,359,986,439,322,810,143,253,283,660
+,1267,254,566,615,614,738,622,291,797,963
+,649,27,868,867,674,896,308,210,530,621
+,1676,193,765,401,302,661,55,802,919,812
+,2596,245,506,395,115,246,511,653,608,72
+,1931,910,12,369,956,324,135,396,881,859
+,1727,430,374,559,699,176,781,482,977,788
+,430,17,601,69,14,268,220,40,944,61
+,609,808,407,518,293,643,729,513,785,425
+,45,718,411,84,655,549,550,630,156,284
+,593,317,80,523,943,208,997,827,159,549
+,1407,400,600,649,781,854,665,697,658,67
+,2641,715,447,747,976,866,244,59,250,88
+,400,444,118,464,626,623,56,316,682,759
+,1472,758,179,122,12,724,140,718,11,167
+,2445,975,355,535,529,801,842,738,265,170
+,2408,129,767,799,894,275,750,907,120,789
+,1469,30,343,826,439,278,536,65,269,729
+,1107,590,642,78,508,466,523,368,56,511
+,532,580,170,376,161,261,791,105,915,587
+,2639,740,118,233,758,521,2,45,879,883
+,1134,250,47,483,372,392,942,153,183,953
+,2611,878,36,566,822,935,731,758,671,429
+,476,329,254,426,937,737,327,277,845,79
+,2163,381,122,514,689,923,53,183,228,823
+,36,47,976,410,70,898,476,886,289,792
+,1236,318,335,88,566,467,8,377,205,298
+,2506,803,311,757,637,248,475,377,605,995
+,182,791,794,200,750,922,559,778,815,251
+,2864,6,954,419,24,238,554,354,651,859
+,349,898,9,973,343,1,777,673,385,869
+,446,744,314,106,210,542,243,429,503,984
+,1941,995,145,728,286,95,44,943,237,918
+,2241,532,422,717,917,381,469,997,765,86
+,2300,97,517,136,652,839,403,76,606,581
+,0,445,678,987,133,242,298,267,871,322
+,831,820,402,717,851,753,334,325,463,278
+,1518,76,966,207,139,798,788,598,111,159
+,1966,168,460,477,321,416,123,548,366,987
+,1258,212,462,315,474,271,872,122,92,161
+,2479,702,311,846,721,713,617,41,220,855
+,2096,335,151,93,728,254,991,364,405,525
+,2480,693,306,266,839,178,31,974,414,875
+,2368,569,766,563,255,96,473,104,823,812
+,1147,124,12,63,850,799,227,133,202,843
+,2592,381,702,645,960,660,86,596,600,265
+,319,832,76,22,66,202,924,661,454,828
+,1062,94,926,867,849,828,339,125,43,964
+,64,51,172,946,587,443,841,741,404,508
+,1054,391,699,436,176,362,219,930,191,281
+,2819,456,904,152,35,628,634,631,251,662
+,1502,510,421,903,563,490,62,89,286,392
+,2156,429,204,658,905,816,538,255,645,821
+,2056,813,19,391,800,730,367,491,557,800
+,265,352,934,579,514,329,397,276,184,26
+,1427,611,224,30,917,830,797,287,59,828
+,2888,542,366,785,598,238,997,163,102,253
+,1461,246,272,546,835,810,939,754,57,782
+,1831,224,589,866,816,397,363,957,859,865
+,2395,180,242,606,325,825,755,714,367,935
+,2083,28,720,717,360,970,581,577,145,576
+,2842,192,856,829,902,993,504,555,316,179
+,2305,38,92,57,238,616,224,20,539,489
+,2849,339,939,628,206,825,133,348,734,181
+,1209,821,864,889,331,60,22,151,600,721
+,2042,145,792,113,866,538,881,373,983,74
+,1342,721,964,678,405,600,103,344,309,330
+,2499,999,161,749,971,447,810,654,983,498
+,1071,324,178,724,991,575,710,910,951,628
+,1659,365,228,681,603,834,179,387,314,751
+,1874,301,130,181,746,1,971,718,971,586
+,2292,871,789,988,581,33,186,616,325,943
+,2097,990,626,226,654,579,106,959,508,144
+,346,763,79,243,355,327,171,651,906,986
+,1379,841,725,686,654,746,907,343,457,11
+,2911,214,255,709,69,358,262,805,110,737
+,2879,49,395,448,750,429,992,170,905,423
+,1110,902,387,359,559,384,103,848,490,807
+,145,591,666,776,703,230,166,462,75,818
+,533,34,301,20,326,267,974,107,75,350
+,2267,909,384,164,749,76,560,964,919,95
+,2624,608,628,914,494,721,31,441,965,669
+,2193,621,911,444,160,54,103,339,210,997
+,691,419,713,567,739,947,747,553,271,676
+,1252,304,243,98,50,402,585,562,860,502
+,2616,55,369,3,437,89,301,843,677,640
+,2629,491,204,99,26,211,174,653,298,1000
+,887,484,864,118,315,803,407,482,500,916
+,1075,271,93,657,557,396,189,379,906,390
+,183,191,456,45,269,450,476,269,231,857
+,2078,577,63,154,770,713,683,99,87,684
+,1539,827,554,423,994,774,603,232,566,62
+,845,396,838,535,428,988,548,703,887,958
+,1743,586,902,241,487,306,80,404,924,874
+,2569,35,514,584,922,529,819,585,693,635
+,1113,123,972,775,459,177,971,171,995,216
+,713,197,129,43,433,80,699,445,206,842
+,2598,151,854,609,264,327,932,744,936,826
+,2295,89,397,569,406,565,333,877,282,532
+,2780,939,894,12,805,717,638,601,535,800
+,2974,115,424,153,151,580,602,596,776,987
+,25,102,947,108,576,798,103,804,292,888
+,774,901,352,898,420,270,392,670,497,585
+,2925,484,38,176,282,412,147,633,623,697
+,1178,411,39,405,910,900,339,707,243,50
+,466,486,942,275,918,381,20,345,837,812
+,912,318,287,863,503,878,712,701,100,995
+,1166,233,137,307,997,761,453,792,845,328
+,1122,746,426,619,661,91,192,452,216,935
+,852,416,758,496,777,528,888,382,840,57
+,1457,810,162,67,318,726,518,413,138,799
+,2040,536,900,582,29,177,197,896,852,205
+,1046,59,255,33,467,51,940,369,721,203
+,72,377,843,475,517,406,650,945,126,697
+,82,247,381,500,608,456,181,983,891,485
+,2206,564,358,352,167,857,915,264,766,850
+,2691,92,291,28,395,50,166,874,585,798
+,2330,219,877,226,662,230,693,211,275,667
+,2703,525,20,885,799,990,785,698,9,485
+,2290,135,662,177,615,820,8,229,258,622
+,2075,965,312,729,990,726,658,281,433,916
+,2117,872,357,470,258,223,477,309,693,533
+,1607,638,406,598,104,7,523,678,989,863
+,2713,383,574,662,608,623,289,305,700,110
+,2995,65,344,283,655,332,882,283,267,671
+,337,975,913,667,305,192,153,529,783,246
+,2669,58,824,877,821,829,614,413,676,327
+,2452,143,738,26,671,509,302,265,928,428
+,1714,397,754,36,597,725,585,835,194,351
+,1954,730,227,702,547,653,803,487,928,963
+,2675,367,519,307,865,174,860,673,897,571
+,2090,300,99,482,131,758,264,742,827,572
+,2376,934,187,969,696,921,343,670,91,227
+,1536,228,762,892,314,430,807,908,339,380
+,2564,599,301,474,871,120,481,54,887,649
+,55,594,966,635,72,483,910,199,512,122
+,376,697,390,542,305,423,55,891,874,154
+,1560,205,350,419,583,914,928,468,146,323
+,2996,732,184,797,82,499,340,646,181,320
+,2444,59,4,462,280,214,779,792,172,590
+,2529,162,501,804,781,798,90,132,629,444
+,2025,439,413,439,988,488,392,4,38,546
+,2155,748,382,972,14,913,329,775,853,543
+,18,18,692,4,641,751,254,231,710,898
+,1125,319,132,105,392,515,602,313,171,66
+,1594,46,305,971,297,466,745,532,610,536
+,2954,444,909,703,137,350,923,501,367,768
+,1495,168,970,928,940,831,413,19,233,229
+,1573,134,216,751,22,603,516,173,126,375
+,825,666,811,38,384,897,655,261,789,547
+,2836,49,608,49,677,110,669,856,20,49
+,946,118,426,454,389,126,560,258,485,718
+,1884,210,711,702,645,9,308,430,677,103
+,1873,532,276,637,620,717,140,428,850,920
+,1013,523,736,632,120,289,116,803,108,509
+,429,623,204,796,269,851,535,996,206,366
+,2857,419,302,164,40,561,508,932,212,704
+,1172,492,338,240,2,13,687,91,928,113
+,364,587,685,505,152,972,92,798,523,76
+,363,740,103,926,262,659,236,467,1000,303
+,20,475,51,102,832,178,895,40,872,297
+,2579,820,693,320,436,756,118,97,871,776
+,2881,46,9,872,141,679,662,174,336,366
+,628,448,978,636,274,899,750,95,381,834
+,1855,187,116,410,409,985,467,278,855,394
+,1452,871,489,819,431,664,907,816,170,115
+,1943,712,743,60,965,864,163,106,426,933
+,2637,494,821,582,694,448,185,625,388,797
+,135,626,29,883,700,901,858,744,996,913
+,2959,494,942,499,115,908,421,451,47,64
+,2627,670,321,12,721,889,694,537,785,761
+,2124,741,578,229,978,685,894,346,531,535
+,2471,717,633,97,443,677,744,254,493,354
+,1570,692,656,394,152,859,846,571,913,627
+,2594,11,658,956,160,517,869,480,872,507
+,2893,169,76,769,503,328,246,338,993,284
+,2062,519,228,563,658,387,412,836,240,80
+,1430,454,820,586,458,90,877,510,457,323
+,2031,509,763,669,18,105,413,422,36,570
+,2739,0,845,93,810,618,986,633,652,311
+,2512,520,575,211,670,687,467,973,349,372
+,2430,55,836,228,864,465,339,573,785,634
+,2229,484,733,672,372,733,463,116,99,777
+,2168,227,2,349,363,849,648,987,819,298
+,333,534,382,718,108,46,918,168,504,143
+,803,734,760,738,419,109,260,625,200,192
+,2709,952,872,402,220,468,844,800,195,733
+,608,110,775,424,47,948,648,857,688,602
+,2481,790,913,461,468,674,603,979,516,137
+,1169,510,4,543,753,49,566,957,443,858
+,2743,494,946,520,799,943,932,181,708,592
+,2668,748,834,131,106,396,673,614,620,903
+,2006,516,902,393,428,623,937,709,780,254
+,750,407,986,351,993,301,463,824,136,141
+,1386,616,716,907,766,524,306,863,718,560
+,732,321,728,754,957,566,647,222,205,214
+,1524,731,297,703,353,943,688,135,727,665
+,539,981,182,515,555,710,652,330,727,118
+,1948,360,575,491,596,584,965,683,727,427
+,1270,765,915,861,546,292,898,867,432,827
+,2525,535,109,25,390,148,54,686,57,204
+,1094,768,804,164,293,699,256,149,859,63
+,1923,803,302,208,771,554,33,367,833,463
+,615,630,888,691,757,575,885,229,760,662
+,684,398,243,523,803,815,817,712,294,709
+,2319,48,948,390,396,426,979,807,999,701
+,1602,989,565,55,13,761,257,207,635,889
+,2188,881,891,453,849,230,933,648,721,726
+,148,376,773,602,559,756,617,201,794,742
+,433,198,301,459,181,699,76,191,985,177
+,1302,526,122,386,41,438,285,569,270,133
+,993,598,866,261,5,338,477,726,959,158
+,2008,157,950,330,611,52,792,954,640,630
+,1740,677,308,502,808,586,563,366,74,802
+,119,325,538,225,979,188,533,69,805,517
+,224,425,556,549,413,94,357,226,904,218
+,1612,339,339,369,300,223,973,770,633,543
+,2439,574,843,770,664,9,117,684,354,456
+,2145,926,657,628,940,636,249,981,40,698
+,2377,328,390,937,815,967,116,395,262,553
+,2346,289,25,933,529,841,788,383,526,822
+,2990,456,498,44,303,919,667,197,328,526
+,2588,970,98,171,994,979,791,550,546,7
+,34,67,215,686,644,792,218,885,701,434
+,1165,106,210,550,848,719,899,999,759,793
+,123,662,836,962,73,764,702,157,24,470
+,709,339,38,89,75,55,182,813,257,571
+,214,588,841,233,932,264,417,397,461,645
+,2482,443,323,17,398,689,121,547,6,656
+,1257,633,64,774,763,599,46,717,868,74
+,2538,950,514,108,296,805,702,308,621,88
+,1207,783,948,448,390,404,841,676,31,485
+,2666,546,225,139,764,400,815,816,869,558
+,1696,983,649,147,305,693,908,936,988,814
+,1409,746,663,382,980,972,11,566,895,568
+,405,126,42,5,586,610,403,550,560,969
+,2577,312,215,766,759,925,743,352,216,422
+,2823,661,871,524,145,164,188,226,631,854
+,272,198,117,185,687,818,580,872,55,871
+,217,954,562,472,660,562,74,297,687,68
+,508,100,202,743,594,498,974,338,365,131
+,1275,671,240,102,291,634,71,921,198,325
+,662,461,336,631,675,313,710,598,156,579
+,1181,373,827,323,981,438,172,4,320,252
+,645,226,729,757,656,446,283,860,368,137
+,1896,750,339,898,491,473,456,367,793,312
+,65,564,111,179,661,621,83,861,287,879
+,398,143,912,551,201,269,751,907,641,78
+,830,77,913,19,869,519,646,31,832,595
+,2638,414,787,604,217,928,37,564,266,556
+,528,552,483,669,793,152,374,401,228,912
+,2433,603,750,877,297,137,475,513,522,92
+,2190,372,514,10,678,244,868,987,825,628
+,2566,169,775,526,143,456,163,183,579,971
+,1064,675,893,990,149,753,749,495,961,367
+,2716,224,779,499,237,64,270,378,239,43
+,2865,211,530,929,810,369,397,480,939,465
+,1246,47,40,664,331,105,720,991,533,648
+,897,280,854,759,269,592,557,583,178,385
+,2718,387,374,601,669,919,855,79,529,257
+,2871,996,929,228,528,415,361,836,888,353
+,854,811,493,908,618,6,513,903,142,450
+,838,235,78,526,658,287,216,153,191,161
+,729,616,734,836,121,676,235,424,830,338
+,69,116,493,691,490,490,215,604,165,662
+,727,420,22,249,44,130,587,606,164,137
+,209,524,40,912,586,150,57,170,264,944
+,985,529,981,415,613,992,577,652,19,899
+,1824,745,677,841,290,969,87,221,459,621
+,2618,888,493,174,224,850,420,615,146,813
+,2775,840,785,186,638,675,523,270,171,741
+,2026,350,944,464,610,604,70,235,387,394
+,1670,111,16,207,535,880,931,516,700,429
+,1313,153,620,98,181,487,923,629,614,39
+,1541,802,544,515,770,120,95,493,675,133
+,2527,617,552,847,1,918,960,793,694,664
+,1868,534,430,379,895,44,714,542,439,234
+,1934,821,493,808,787,390,358,603,823,759
+,1155,779,857,713,589,100,435,137,260,488
+,2393,238,931,879,85,290,612,897,556,418
+,2608,193,5,726,761,808,7,591,535,120
+,1601,7,384,670,210,704,823,323,418,370
+,2192,158,436,667,599,259,267,875,548,433
+,11,374,626,282,696,406,773,208,423,565
+,437,570,494,183,379,572,568,495,259,314
+,2011,352,792,722,407,753,141,875,884,675
+,236,765,235,457,801,716,972,165,102,219
+,1411,410,804,346,820,563,628,713,700,723
+,806,164,398,987,651,5,823,93,843,148
+,431,948,614,445,90,65,269,227,379,81
+,2790,38,741,393,953,410,628,671,533,293
+,2063,986,611,58,968,792,839,179,655,506
+,560,10,206,870,672,953,823,530,292,199
+,1480,802,613,522,528,715,237,629,173,690
+,1918,368,244,670,0,999,161,88,282,798
+,1739,361,685,404,415,600,205,530,15,754
+,399,70,941,92,562,291,743,849,572,936
+,1225,356,355,986,835,283,231,620,986,199
+,714,952,413,588,4,267,179,416,518,109
+,2365,74,515,301,348,969,119,822,525,979
+,775,897,550,832,812,588,256,710,453,989
+,1060,576,495,788,249,775,347,984,794,469
+,1501,471,918,600,882,28,493,119,264,69
+,484,648,807,225,693,718,235,819,323,422
+,1468,361,528,548,9,717,852,269,254,294
+,226,408,689,766,840,350,77,567,953,182
+,1584,321,362,223,915,587,275,187,969,764
+,2354,952,931,194,510,754,204,240,753,247
+,1281,271,211,234,207,854,255,856,633,364
+,997,797,109,122,942,80,692,978,679,504
+,274,6,782,877,554,980,43,868,493,380
+,1066,322,504,919,902,918,588,889,281,502
+,2122,782,937,523,286,407,227,768,590,131
+,2005,538,818,433,489,962,553,33,514,355
+,602,881,702,794,178,468,999,123,715,530
+,1852,323,705,8,12,690,215,388,594,103
+,496,370,627,882,265,191,561,269,242,275
+,2370,981,627,351,374,188,510,434,215,429
+,668,770,381,373,874,410,286,461,184,585
+,2783,589,702,234,833,102,738,276,823,241
+,1876,442,876,390,200,149,819,982,756,153
+,801,825,9,180,431,511,137,914,869,645
+,1007,546,737,323,804,498,307,256,575,879
+,1618,48,407,101,707,167,61,220,833,260
+,2317,859,644,98,460,762,342,266,369,368
+,2802,570,954,829,263,352,20,421,124,359
+,2693,695,986,620,203,590,589,665,664,551
+,2565,799,291,363,332,689,522,499,793,754
+,2679,910,80,390,628,293,474,646,979,148
+,2037,171,655,827,950,345,431,646,627,585
+,552,869,928,73,81,165,351,233,321,324
+,2275,298,727,273,619,660,404,277,908,455
+,275,883,961,371,765,601,533,988,461,423
+,504,188,874,23,128,745,240,677,257,963
+,976,717,767,81,215,170,406,105,97,65
+,827,899,484,561,55,26,789,406,536,783
+,1334,106,268,632,159,86,670,953,906,399
+,2334,234,253,755,290,453,641,129,134,539
+,1996,174,29,35,679,365,881,937,333,884
+,824,478,998,891,553,957,278,561,455,138
+,1261,971,714,552,181,605,611,467,646,766
+,1603,898,577,445,536,655,654,546,317,930
+,1127,493,552,232,824,91,452,315,374,422
+,2644,159,310,10,0,535,834,776,868,139
+,503,293,480,547,8,704,944,503,969,773
+,1708,306,9,784,440,817,299,611,236,815
+,2526,561,382,193,421,903,574,447,404,255
+,314,732,754,661,399,848,387,225,269,81
+,188,640,245,529,782,819,931,627,826,710
+,1738,278,291,664,760,544,828,275,422,192
+,1998,70,186,139,296,113,652,466,632,463
+,439,717,637,503,192,328,19,155,50,992
+,568,22,190,995,104,288,275,128,732,448
+,2402,8,238,92,154,15,505,222,350,430
+,394,804,818,510,380,474,713,810,32,338
+,2084,863,768,974,149,57,272,794,401,73
+,1644,481,185,196,917,861,256,836,390,848
+,1504,124,997,786,731,254,394,789,998,453
+,2511,755,34,203,471,752,789,96,533,681
+,81,484,398,697,984,319,958,330,162,644
+,1053,43,762,959,562,533,125,259,492,653
+,883,203,369,908,53,884,682,223,996,115
+,1711,648,444,332,15,171,813,282,598,122
+,2796,808,248,9,992,43,595,802,707,486
+,1082,610,158,380,789,91,254,161,511,93
+,2226,633,346,953,992,777,640,61,61,364
+,1805,157,718,549,810,109,128,499,238,324
+,1289,807,660,774,355,824,913,449,750,197
+,334,705,386,366,741,137,256,920,40,496
+,2768,448,572,301,555,713,501,194,580,191
+,599,356,331,749,479,281,888,851,613,936
+,1459,567,164,70,543,158,460,302,839,269
+,2572,375,464,0,794,653,518,388,751,189
+,2349,19,634,877,372,794,635,244,328,738
+,2081,674,990,551,838,396,194,536,699,509
+,840,564,157,627,289,330,419,656,329,113
+,136,535,674,68,44,855,960,132,182,894
+,598,206,109,497,196,101,32,584,657,856
+,228,673,501,538,638,718,604,262,50,375
+,1844,620,735,72,13,952,943,213,671,503
+,1650,911,852,81,479,820,654,62,369,571
+,2673,960,911,425,841,377,813,725,59,843
+,1737,272,541,41,751,72,854,311,79,967
+,844,983,531,99,103,742,236,544,394,194
+,2680,538,672,254,583,640,970,183,571,767
+,2130,425,764,108,784,653,590,366,690,469
+,71,681,437,904,106,170,811,184,563,411
+,1899,345,673,161,546,614,453,955,360,924
+,48,563,332,865,380,422,782,648,440,845
+,342,331,623,246,576,558,219,384,784,563
+,1153,762,260,368,984,463,458,982,406,0
+,1829,35,291,610,16,530,138,911,309,6
+,1474,227,219,876,322,22,790,841,965,706
+,2681,282,941,566,523,569,584,948,585,158
+,1838,38,471,364,159,141,271,375,910,596
+,548,238,262,830,307,94,584,409,582,939
+,2937,751,79,740,332,811,494,177,499,845
+,2927,706,719,590,839,929,97,609,657,307
+,916,748,827,590,390,80,798,57,943,789
+,2382,356,900,836,444,426,952,888,123,890
+,1816,232,765,668,869,616,950,11,649,796
+,2313,391,55,312,536,42,326,552,578,153
+,1992,514,714,226,156,51,689,749,402,994
+,387,770,609,589,516,92,227,442,296,805
+,2689,151,135,344,84,487,585,763,50,561
+,2981,268,87,408,513,444,792,714,133,780
+,983,492,572,202,499,404,667,585,200,574
+,569,753,536,252,248,73,272,795,440,331
+,818,946,589,91,115,687,423,433,374,356
+,1374,328,352,608,671,24,788,312,173,358
+,7,841,822,452,638,149,451,45,946,837
+,821,204,701,382,159,775,745,873,87,115
+,367,55,248,971,635,948,151,889,852,839
+,915,14,351,710,823,113,312,460,482,23
+,2242,214,757,550,216,208,559,535,768,264
+,1548,494,637,747,144,711,715,684,18,385
+,677,927,679,539,44,261,174,61,290,205
+,805,713,632,277,54,476,670,967,8,68
+,2363,676,277,678,872,934,675,368,885,110
+,1137,299,888,904,664,395,236,389,520,1000
+,414,101,925,323,496,887,611,544,90,190
+,98,512,989,468,574,948,729,22,40,253
+,2782,542,312,341,501,402,762,160,18,355
+,2688,360,363,640,309,241,513,282,831,63
+,2548,263,899,396,911,834,30,966,568,971
+,2571,230,155,349,918,402,672,140,89,747
+,2321,533,983,694,627,893,640,702,232,427
+,2447,586,156,436,993,319,931,619,337,459
+,1280,134,211,668,141,594,554,700,819,207
+,2351,141,316,705,722,920,536,931,138,440
+,940,999,788,148,671,955,578,939,161,325
+,554,570,545,971,736,121,188,325,859,900
+,2473,744,30,783,326,901,996,423,984,421
+,2878,453,763,956,841,915,652,955,756,280
+,1915,797,192,109,134,189,26,780,626,631
+,2656,620,580,627,236,610,237,236,703,26
+,2352,81,704,798,488,137,514,866,619,480
+,1146,665,382,188,872,396,503,485,140,167
+,584,231,33,418,782,992,15,947,276,973
+,9,227,760,687,207,775,209,67,181,949
+,1764,449,887,631,501,704,332,887,468,908
+,2221,437,414,794,42,622,752,844,389,737
+,1312,403,626,961,760,585,608,549,537,656
+,2191,721,805,39,533,111,462,467,846,898
+,2795,898,251,531,550,405,752,40,571,396
+,1219,783,645,985,50,194,298,450,407,905
+,1358,792,847,292,472,170,432,301,627,941
+,427,706,529,925,145,474,849,661,462,92
+,179,512,115,184,797,599,960,915,712,559
+,1561,402,423,331,461,25,183,464,604,918
+,1828,917,206,903,465,92,256,331,708,664
+,91,728,815,167,735,750,126,93,116,723
+,2712,649,371,87,536,724,393,744,810,998
+,2154,626,972,163,387,563,389,44,786,174
+,2143,343,579,892,675,883,153,166,889,148
+,1370,787,729,52,429,315,316,747,787,984
+,930,295,641,185,120,920,134,983,207,3
+,1111,783,259,12,469,509,875,510,556,826
+,1897,622,903,505,243,222,602,675,487,464
+,416,452,81,615,614,6,250,903,560,284
+,776,643,570,839,845,212,50,189,151,56
+,1628,357,37,148,874,33,683,591,858,617
+,553,339,942,89,50,111,426,182,165,688
+,544,625,676,708,716,609,586,806,575,181
+,1332,466,767,592,368,953,36,95,786,306
+,338,377,919,388,839,69,776,437,863,563
+,423,299,482,137,124,711,880,281,337,539
+,2997,537,214,712,214,626,59,111,585,747
+,1473,541,89,495,741,705,619,956,807,723
+,1814,437,623,868,324,265,538,588,638,362
+,231,132,629,576,508,532,746,647,509,504
+,1609,184,904,624,238,725,297,198,1,121
+,1462,476,640,815,120,755,868,212,818,630
+,769,423,46,341,358,573,825,652,217,11
+,1796,206,706,288,260,809,69,315,307,518
+,2353,331,785,6,116,702,341,349,405,741
+,667,630,983,29,852,179,198,338,853,346
+,2670,688,490,938,485,816,36,661,139,493
+,1695,642,471,913,885,549,917,343,473,802
+,551,423,950,760,57,855,533,306,578,742
+,206,323,568,548,19,213,591,701,339,818
+,943,909,814,362,67,992,152,287,860,31
+,927,384,641,547,862,169,584,620,398,191
+,2778,119,885,801,769,315,722,878,322,726
+,452,278,423,88,508,898,243,380,462,849
+,1677,309,221,537,309,179,114,383,803,38
+,832,206,935,94,454,518,25,818,494,926
+,697,157,194,348,945,495,750,894,536,317
+,1009,335,146,787,892,100,841,960,528,692
+,1191,210,741,37,470,396,730,885,534,118
+,149,318,954,45,703,868,608,892,89,341
+,1477,910,47,105,533,784,674,763,319,23
+,2899,776,319,654,913,214,328,205,197,293
+,1658,545,326,791,451,687,120,279,152,161
+,556,117,15,981,637,573,526,104,211,555
+,2645,562,326,277,144,965,721,823,290,587
+,1101,175,72,318,627,913,346,553,454,51
+,2065,29,482,924,691,51,108,392,55,88
+,573,401,183,721,610,912,606,644,856,706
+,1974,456,631,364,319,340,837,202,730,776
+,1417,828,546,80,997,944,773,782,476,581
+,2159,95,832,821,941,715,479,99,466,317
+,2053,659,727,784,476,481,237,970,229,147
+,2761,917,631,264,934,372,401,187,716,939
+,2524,338,807,881,903,332,464,499,30,66
+,1947,115,359,490,472,866,174,289,786,356
+,1706,588,130,520,105,415,837,731,815,109
+,305,569,665,72,811,309,545,472,410,604
+,678,244,635,249,561,162,997,493,393,67
+,1860,213,833,710,605,441,803,445,580,806
+,252,557,710,241,177,678,685,79,757,953
+,196,587,856,498,117,606,610,474,333,568
+,773,841,455,180,315,978,415,71,612,111
+,1414,833,610,789,839,388,335,506,660,676
+,1962,92,222,836,142,908,594,924,773,651
+,2341,0,775,150,676,152,463,544,298,399
+,2249,591,457,200,210,697,898,324,306,583
+,1369,935,695,311,940,965,959,445,735,937
+,2136,91,596,8,626,522,413,867,130,872
+,2950,63,378,922,562,991,54,0,720,573
+,614,367,112,881,288,886,31,240,442,719
+,1564,403,640,325,728,391,415,390,445,558
+,872,678,177,486,142,192,568,393,863,946
+,1184,860,427,157,295,893,686,128,137,11
+,2965,663,16,147,738,906,498,673,447,998
+,2725,86,140,657,825,425,880,466,915,807
+,1074,618,952,435,638,184,465,521,434,565
+,2387,460,393,363,231,190,434,619,7,591
+,141,867,748,242,729,513,275,420,948,559
+,2027,375,34,38,581,494,721,377,115,594
+,1569,984,707,81,145,747,748,539,879,768
+,2543,286,476,529,80,535,911,624,90,251
+,2631,645,759,679,983,684,79,700,648,552
+,1199,593,319,627,54,925,351,547,797,11
+,422,464,524,927,480,587,751,339,431,361
+,155,817,301,296,171,36,711,945,611,767
+,2102,744,803,577,266,62,644,484,592,173
+,954,52,672,298,828,755,639,27,293,496
+,1819,129,517,78,871,802,284,258,135,630
+,2697,281,878,263,14,759,114,618,178,931
+,195,756,154,674,457,378,827,179,267,801
+,2030,241,496,185,818,540,882,33,351,86
+,2215,148,609,956,841,157,857,507,770,422
+,2894,392,243,676,450,743,652,171,215,591
+,2734,862,353,55,657,270,773,839,118,53
+,1298,475,408,487,308,487,764,971,770,944
+,2189,239,388,699,722,399,485,268,148,543
+,1961,445,12,295,949,816,459,391,694,323
+,1690,542,699,978,42,99,939,544,652,362
+,2667,864,442,625,940,667,878,279,343,276
+,637,821,100,261,670,598,400,472,791,691
+,1412,247,751,688,602,788,199,532,345,693
+,2032,184,320,560,10,688,8,851,69,12
+,739,100,537,106,701,456,359,224,742,290
+,1367,197,34,24,634,94,58,961,608,672
+,981,855,222,973,613,653,124,725,980,122
+,2930,876,619,133,384,672,782,921,663,579
+,2972,990,189,917,113,712,188,259,301,478
+,27,958,77,654,464,944,283,787,437,708
+,1803,683,788,788,331,263,165,799,75,283
+,1678,63,391,397,340,61,264,978,832,271
+,1694,451,71,503,950,205,624,402,182,660
+,1403,111,147,553,787,441,223,628,658,108
+,2120,452,732,265,105,35,74,72,585,745
+,885,795,456,19,918,509,152,668,655,0
+,17,38,680,399,272,155,716,337,926,400
+,2247,3,527,724,962,789,502,489,446,413
+,2755,745,799,831,804,71,553,231,3,393
+,576,705,837,798,493,124,580,548,957,367
+,501,698,310,410,56,647,981,662,92,374
+,545,873,983,348,82,861,470,778,784,296
+,673,207,180,567,40,990,393,676,195,306
+,1856,399,917,109,645,705,367,498,86,906
+,2500,448,752,194,143,36,197,25,737,607
+,607,500,398,64,811,553,658,315,511,546
+,1120,854,831,460,989,16,37,347,57,345
+,2231,738,43,415,121,216,826,669,683,535
+,1253,962,694,891,895,549,152,758,593,238
+,2277,73,37,753,144,500,669,19,482,928
+,756,633,46,248,718,664,133,14,176,647
+,627,926,314,840,812,99,467,625,174,855
+,740,65,837,837,108,116,509,609,818,630
+,143,64,823,207,436,345,830,855,755,694
+,1616,332,123,999,700,589,558,140,329,856
+,1304,812,218,782,46,607,177,343,64,123
+,152,144,775,425,172,713,378,566,168,449
+,1540,947,595,41,136,102,810,867,647,627
+,834,796,161,16,900,498,82,6,7,183
+,2726,91,723,667,607,908,290,426,710,826
+,341,791,487,708,129,211,146,655,277,535
+,958,421,244,960,178,625,708,38,610,184
+,2585,511,626,973,90,642,846,801,308,356
+,1878,4,571,241,196,120,542,1000,97,633
+,1339,883,779,552,519,224,475,788,641,675
+,1691,283,54,198,115,815,152,701,864,991
+,1774,485,509,180,163,686,944,44,55,660
+,2486,291,214,445,257,342,631,824,911,776
+,1114,44,106,758,53,947,550,180,161,804
+,2946,496,527,118,72,916,240,738,455,606
+,2074,333,429,203,765,693,919,333,235,797
+,702,333,233,100,242,755,422,890,204,384
+,2880,225,75,482,599,496,55,911,446,148
+,2463,950,624,465,182,396,382,139,468,737
+,1036,647,367,998,276,207,343,130,32,708
+,2735,61,287,139,113,872,476,469,428,175
+,748,351,225,907,302,618,160,808,813,653
+,856,626,927,174,591,993,566,875,235,88
+,121,877,534,500,882,221,605,484,857,473
+,2875,14,747,438,753,893,252,253,335,444
+,1442,227,913,949,605,968,152,935,587,919
+,2171,427,45,41,481,751,787,516,34,435
+,2545,403,490,829,817,713,841,100,463,507
+,461,85,571,771,12,709,749,416,972,223
+,1242,367,302,244,663,92,16,491,685,312
+,395,720,470,878,584,765,597,24,999,465
+,1605,790,141,895,720,415,189,808,892,379
+,2522,475,720,648,1,881,642,72,394,914
+,2398,340,543,33,303,436,770,276,714,968
+,1460,555,589,813,212,806,701,82,635,901
+,1698,753,954,56,527,968,931,690,372,909
+,2150,113,392,374,476,633,41,374,375,179
+,1160,572,721,68,574,726,792,209,141,342
+,2279,552,116,664,489,755,961,770,594,892
+,410,719,214,771,762,779,230,328,361,919
+,804,515,696,433,283,55,64,381,353,463
+,704,513,539,849,125,481,726,544,694,845
+,1059,921,299,462,635,376,819,689,968,709
+,2461,963,904,67,192,913,905,468,89,82
+,1773,919,183,295,981,979,78,111,168,282
+,1523,713,151,508,154,895,209,533,974,642
+,1121,300,426,992,698,554,954,135,485,355
+,2356,454,755,660,21,298,193,64,22,892
+,2700,237,854,970,532,660,343,421,592,351
+,549,661,805,334,497,607,681,713,542,862
+,1006,455,468,311,580,135,919,808,313,175
+,2052,266,232,495,380,994,295,788,865,48
+,688,361,291,466,979,170,633,946,164,728
+,1778,292,186,996,179,859,725,709,926,682
+,2100,157,165,243,119,42,324,588,129,451
+,506,378,188,210,575,724,35,681,324,352
+,1987,381,459,552,998,166,546,308,124,942
+,2883,414,953,511,786,148,970,469,950,327
+,49,4,993,756,559,999,519,339,662,722
+,2999,485,917,296,992,966,772,587,682,150
+,597,578,746,928,944,452,346,705,115,749
+,220,921,41,142,694,564,119,315,25,411
+,2162,861,225,456,365,94,334,56,622,656
+,2318,597,539,227,800,958,785,284,200,23
+,2528,551,869,456,693,687,980,89,999,524
+,402,199,502,325,617,619,523,966,57,930
+,2386,369,407,151,733,874,437,378,395,381
+,23,291,353,359,315,1000,456,895,574,89
+,1322,745,909,454,759,425,822,453,295,167
+,2000,745,993,919,434,746,917,424,142,855
+,2467,612,88,147,212,310,486,888,537,343
+,1606,955,983,604,774,384,90,6,419,654
+,2076,279,424,179,569,473,727,581,773,936
+,2913,204,190,852,390,296,567,502,43,842
+,1629,309,854,599,311,505,572,757,474,229
+,1746,810,2,157,268,307,978,655,854,651
+,990,127,669,681,914,294,427,183,503,928
+,1091,660,250,29,122,783,283,504,993,68
+,591,763,370,595,492,579,446,889,264,643
+,2567,487,997,710,837,122,382,524,750,589
+,2045,865,265,166,595,59,149,327,472,899
+,2507,138,365,167,54,279,369,429,651,933
+,2466,364,49,296,298,542,654,958,78,526
+,2051,784,643,187,783,96,613,770,171,556
+,1212,893,323,846,865,701,819,308,277,701
+,1189,704,371,98,547,593,360,843,147,13
+,2288,530,288,381,797,496,421,348,943,932
+,99,104,223,158,515,226,851,192,814,918
+,144,628,706,851,975,538,866,544,729,564
+,1736,774,821,116,427,471,938,78,119,838
+,861,945,17,491,356,319,707,371,142,836
+,1933,911,611,535,781,993,350,176,726,311
+,1446,762,834,121,227,131,877,710,145,704
+,2474,314,128,214,133,80,435,707,781,802
+,247,79,19,793,495,775,441,43,201,110
+,2532,812,675,525,607,60,480,121,930,259
+,2979,67,308,683,10,772,98,801,126,942
+,2554,210,601,922,204,189,686,359,29,92
+,527,866,764,964,284,971,593,356,360,164
+,964,512,799,746,627,247,517,583,69,101
+,2146,592,781,14,541,222,732,196,987,288
+,1057,923,772,550,4,996,742,101,946,219
+,2492,516,871,724,486,375,714,603,189,450
+,2723,980,109,185,854,363,388,434,219,526
+,2931,417,115,779,321,126,477,112,532,139
+,1834,780,369,721,295,570,739,41,84,335
+,320,118,394,290,467,614,753,319,703,999
+,1748,454,231,567,417,297,875,438,193,877
+,2177,916,861,821,487,961,695,376,183,13
+,2431,503,688,107,405,448,535,674,692,87
+,2599,146,404,410,711,604,104,759,947,913
+,1979,66,372,998,203,346,205,609,864,413
+,1102,238,858,434,742,511,285,783,730,784
+,425,607,279,774,808,820,659,965,409,364
+,450,682,617,972,414,496,523,285,150,786
+,906,110,125,256,501,509,236,643,965,137
+,61,101,755,54,850,69,510,694,27,995
+,705,391,619,695,334,156,310,636,638,98
+,1050,78,676,769,532,785,504,811,477,206
+,2054,677,509,502,516,267,555,351,828,880
+,2886,559,18,975,782,32,440,901,936,121
+,1689,460,322,873,385,453,470,36,33,181
+,701,675,881,798,310,905,723,168,503,441
+,1507,319,732,398,499,782,112,582,691,502
+,2388,567,701,552,585,481,487,575,874,160
+,1310,57,400,269,506,605,994,386,631,692
+,863,784,291,328,62,28,604,46,131,857
+,1626,357,828,759,597,27,783,912,640,349
+,1157,99,438,353,365,421,359,57,677,250
+,642,240,663,319,606,86,932,704,67,889
+,2125,117,345,173,20,551,333,38,471,673
+,1762,432,581,527,923,431,273,20,712,480
+,1001,22,324,386,584,399,330,586,100,827
+,2165,102,707,691,210,344,508,514,830,783
+,426,347,170,629,306,372,992,446,206,508
+,1048,867,997,806,77,860,870,548,219,294
+,2038,48,304,587,411,823,231,639,760,980
+,215,734,864,592,97,606,344,279,68,580
+,2923,543,486,437,214,355,814,78,667,843
+,2892,516,823,307,443,679,552,320,204,424
+,1116,257,639,527,464,687,781,560,184,902
+,789,642,720,528,883,191,590,511,218,676
+,2034,843,760,960,478,274,959,653,545,828
+,46,873,787,928,444,957,579,744,641,61
+,2808,205,373,473,151,246,154,764,701,783
+,2770,864,445,420,326,880,850,933,65,649
+,1364,866,422,273,843,293,661,164,262,703
+,1176,241,415,244,116,153,196,28,251,816
+,345,317,475,497,573,446,432,662,927,37
+,1981,163,279,139,29,264,808,822,284,674
+,737,180,659,872,43,986,739,497,801,20
+,1498,880,918,85,321,616,305,887,65,922
+,2800,416,918,372,687,673,906,92,406,965
+,2976,741,862,143,241,114,584,752,512,955
+,1545,534,680,848,594,972,793,953,537,257
+,594,905,92,243,614,125,791,826,320,337
+,2576,598,754,399,825,766,761,241,957,433
+,1719,147,109,179,219,993,281,450,418,260
+,656,603,57,502,546,383,716,971,115,324
+,846,433,486,699,252,986,284,900,803,959
+,95,371,486,732,376,841,315,21,660,990
+,1032,620,35,861,757,678,818,963,55,707
+,1575,807,687,245,259,565,393,316,654,981
+,310,371,924,831,701,124,547,887,242,878
+,1777,397,8,931,983,402,949,939,261,308
+,917,958,842,774,241,304,215,880,911,164
+,1679,449,646,324,900,831,785,659,416,808
+,1095,280,887,82,842,798,963,503,482,754
+,650,948,861,340,734,432,897,940,839,102
+,1911,164,715,267,518,67,360,430,616,746
+,256,560,755,334,464,711,28,780,53,656
+,1361,188,645,454,810,656,139,3,410,204
+,1454,312,321,589,84,113,161,255,528,730
+,531,786,850,664,781,133,867,608,702,420
+,2487,961,327,462,489,894,752,136,266,177
+,230,607,846,335,818,288,203,86,424,376
+,1853,402,897,386,967,854,905,584,229,21
+,2399,23,945,571,662,626,641,234,928,91
+,2126,473,203,268,718,872,172,50,410,632
+,2586,614,266,152,91,981,376,174,969,580
+,2706,14,735,538,445,791,942,950,464,847
+,1343,506,121,229,730,208,195,968,882,832
+,1833,272,294,764,506,391,133,441,876,211
+,2326,220,843,289,744,693,193,428,184,418
+,2058,149,29,297,999,268,241,632,461,929
+,514,378,596,700,662,469,87,10,480,136
+,443,331,997,709,407,703,217,730,392,725
+,2736,753,611,262,74,97,570,60,53,340
+,786,240,482,930,362,620,961,686,990,821
+,1522,726,766,829,46,5,259,516,634,390
+,2309,1000,404,687,379,135,991,913,572,42
+,2861,183,266,173,515,504,952,347,898,479
+,2493,91,324,727,543,443,145,266,119,320
+,798,130,511,892,996,854,287,765,369,948
+,1423,289,924,897,269,627,849,779,948,270
+,2896,320,446,914,168,323,754,503,782,972
+,352,569,873,945,673,651,817,450,54,193
+,529,55,235,187,36,481,266,167,722,478
+,2023,118,916,949,506,41,452,365,726,574
+,2788,468,504,115,866,737,887,151,126,357
+,1721,208,889,290,184,854,172,767,520,842
+,1118,576,912,679,599,217,597,994,4,538
+,2113,584,184,426,942,78,252,786,510,693
+,324,908,336,26,291,697,696,124,403,382
+,2400,951,974,108,857,331,157,29,83,471
+,926,724,675,491,464,643,978,275,608,673
+,1916,337,993,44,671,637,973,463,332,970
+,1888,751,928,980,816,582,132,216,883,49
+,2992,659,289,330,817,56,761,72,560,974
+,1791,390,94,408,261,182,245,988,789,886
+,2803,91,21,872,213,166,397,798,412,291
+,538,770,977,669,157,123,305,502,820,442
+,490,825,943,317,925,701,617,134,367,681
+,736,852,376,524,204,501,456,906,397,487
+,1553,576,614,433,92,774,432,830,377,628
+,955,444,645,436,95,41,525,349,996,474
+,1492,229,663,702,730,158,953,507,539,644
+,1675,537,85,297,479,447,81,928,820,489
+,1589,152,130,700,924,307,861,254,535,437
+,934,582,48,564,78,939,46,525,110,522
+,132,422,96,475,676,737,582,832,259,363
+,564,599,83,787,515,16,116,758,677,473
+,1579,805,186,863,402,46,85,426,897,721
+,2794,321,601,741,465,775,686,460,638,827
+,377,349,989,940,892,829,191,216,189,80
+,2904,618,265,892,689,108,444,547,18,5
+,1627,119,13,175,671,488,471,708,414,889
+,1768,988,762,616,743,498,310,633,832,997
+,949,369,707,689,986,706,691,404,823,309
+,505,128,138,14,195,114,835,16,712,993
+,2510,879,27,214,492,664,148,665,247,446
+,242,641,878,808,551,195,88,308,788,474
+,2921,485,432,22,119,170,924,156,756,719
+,2717,986,496,482,20,880,460,599,248,206
+,1906,583,849,853,401,52,341,8,105,645
+,1581,730,442,425,868,507,754,592,610,748
+,2898,297,37,499,409,497,525,605,742,626
+,1867,694,926,836,888,499,237,731,62,540
+,972,432,590,323,566,65,274,914,663,427
+,2303,484,119,506,637,961,661,355,459,714
+,178,21,165,294,743,196,480,352,448,237
+,2966,224,601,930,701,347,943,616,873,862
+,1487,672,479,134,904,300,740,728,399,982
+,2539,853,963,689,668,752,368,815,483,818
+,728,864,165,636,212,289,707,767,88,683
+,1371,132,177,204,160,620,503,103,812,425
+,871,505,310,240,214,570,48,18,367,902
+,1240,365,693,162,178,847,880,915,515,32
+,2647,65,345,440,116,632,232,123,575,229
+,2350,264,348,803,363,787,47,788,898,570
+,1565,917,154,873,706,894,527,618,685,106
+,66,51,948,968,448,818,468,985,861,773
+,726,998,108,800,625,624,800,878,970,104
+,2817,575,42,519,107,171,645,120,891,210
+,1646,370,160,745,299,725,452,780,518,510
+,327,891,101,157,662,372,342,838,141,125
+,865,206,449,992,425,787,787,6,251,854
+,1445,485,349,293,517,175,87,272,381,732
+,1957,424,369,644,680,251,155,771,771,542
+,2256,806,233,141,821,439,423,940,419,919
+,455,974,872,528,813,698,370,966,30,453
+,730,788,10,734,825,529,966,71,86,346
+,1475,411,790,168,444,62,402,777,37,676
+,176,656,154,924,588,59,646,730,818,676
+,2587,532,996,302,429,411,907,697,717,566
+,2414,311,738,760,321,931,352,8,846,286
+,1578,540,625,942,150,717,413,456,659,210
+,1089,557,639,807,633,667,452,714,353,908
+,125,800,664,414,794,202,902,308,86,37
+,1959,342,399,742,736,757,900,129,532,553
+,502,218,95,523,565,319,533,348,775,650
+,710,23,28,911,815,552,606,264,247,852
+,2131,311,743,432,517,113,749,61,861,381
+,2282,642,519,362,126,48,774,666,963,127
+,2178,305,586,754,5,464,347,241,824,763
+,2185,579,731,915,960,642,681,546,864,609
+,1300,358,306,291,682,803,834,732,586,688
+,1515,731,386,532,755,253,107,335,528,596
+,2235,842,797,369,465,100,150,728,435,848
+,2104,83,94,63,435,909,133,487,219,456
+,120,378,693,538,412,602,572,531,797,404
+,575,270,598,510,651,433,450,705,953,970
+,2142,749,996,426,843,166,147,517,130,496
+,2955,468,132,991,721,525,883,541,120,711
+,530,466,484,33,764,160,966,572,378,943
+,2947,121,616,872,418,112,123,378,585,296
+,1685,535,156,120,380,312,383,310,301,497
+,1042,810,146,145,802,603,431,49,959,915
+,2967,910,290,220,187,838,757,500,2,125
+,1305,357,69,891,45,427,492,586,317,579
+,1161,921,345,800,386,486,854,737,853,620
+,285,780,141,516,651,471,779,460,683,459
+,1363,887,745,333,91,819,639,680,638,419
+,321,238,921,404,347,553,46,981,686,911
+,1842,753,284,661,90,886,169,724,25,585
+,973,815,790,724,316,574,660,126,659,572
+,1945,197,978,633,554,590,775,54,980,583
+,2868,193,768,487,514,918,19,123,674,958
+,2246,184,985,19,281,805,210,251,849,722
+,2253,908,593,454,86,826,546,621,328,411
+,1836,46,503,882,956,23,348,447,184,424
+,2325,880,540,324,391,263,93,117,101,554
+,380,292,147,187,261,786,91,157,314,975
+,2957,694,173,60,629,984,333,185,27,730
+,460,305,399,101,327,145,422,914,331,264
+,2970,964,847,921,123,53,207,245,770,611
+,1290,242,504,520,770,516,394,972,117,275
+,619,325,475,566,416,67,495,29,417,648
+,1410,935,907,19,275,567,986,600,691,103
+,2516,781,568,667,804,128,311,581,416,456
+,392,866,651,512,208,801,991,145,382,553
+,2197,800,251,550,975,433,984,933,568,462
+,375,1,832,475,984,849,635,296,668,995
+,660,0,61,955,943,493,279,612,256,859
+,797,389,359,862,647,217,599,860,522,288
+,2767,165,756,546,576,71,307,91,404,715
+,2101,850,143,742,569,286,899,442,215,625
+,1063,980,821,325,905,698,968,350,650,267
+,35,724,463,279,251,678,329,349,215,470
+,1806,613,336,16,935,708,136,661,944,2
+,800,487,4,923,9,688,177,423,569,916
+,1037,720,500,780,402,551,83,806,897,664
+,622,79,551,31,913,852,835,687,455,688
+,1030,361,995,832,385,847,615,366,396,181
+,146,786,831,713,8,127,473,379,958,197
+,1955,9,226,760,20,776,287,696,943,726
+,2450,196,92,835,628,640,310,827,735,226
+,2304,505,990,371,37,287,504,926,720,723
+,1929,214,7,200,840,653,405,113,890,284
+,2015,512,505,174,565,198,675,756,579,688
+,2497,617,578,179,66,602,131,763,66,130
+,2801,955,583,876,233,902,535,746,801,280
+,2866,868,694,23,993,709,694,545,629,258
+,415,573,904,464,2,960,437,656,689,965
+,1136,53,874,961,330,442,864,416,280,124
+,2312,530,477,507,370,529,777,44,905,738
+,1702,48,284,940,430,545,459,323,5,401
+,58,342,83,901,585,827,25,755,231,706
+,970,980,76,939,255,201,168,337,318,64
+,1587,640,99,28,491,442,827,24,606,816
+,654,957,342,860,256,253,110,484,244,981
+,2213,852,55,841,341,532,813,242,966,74
+,445,614,634,449,782,97,640,457,592,127
+,629,997,62,938,34,386,320,911,868,710
+,361,801,130,63,941,821,452,56,308,625
+,2933,442,67,104,693,57,572,53,301,870
+,890,411,98,632,770,420,238,885,613,806
+,2260,638,10,464,393,475,814,438,901,635
+,2733,103,347,666,960,691,801,26,464,529
+,457,601,197,110,105,12,609,730,69,607
+,1390,860,198,926,586,129,652,521,262,363
+,1151,492,742,635,455,190,248,140,816,45
+,2876,130,319,598,446,525,982,667,772,366
+,170,597,906,554,794,149,150,480,316,617
+,2438,298,377,993,8,530,600,673,694,148
+,1662,243,519,838,855,572,879,55,432,352
+,1400,999,205,655,930,206,804,70,349,193
+,2841,487,711,708,478,614,709,339,872,592
+,1325,986,343,630,306,428,336,166,107,465
+,1546,808,932,43,507,224,942,3,654,228
+,2752,235,477,638,218,244,492,752,786,975
+,2335,339,826,757,384,210,409,188,845,6
+,2798,10,75,366,30,568,117,145,297,450
+,1163,646,599,934,783,368,44,998,30,203
+,657,290,178,224,906,268,736,178,347,867
+,601,251,182,200,22,180,863,268,932,103
+,1287,851,693,140,388,670,806,906,113,346
+,1391,215,312,467,245,378,828,381,676,175
+,1797,539,1000,818,638,902,444,899,728,66
+,869,147,903,946,133,813,194,196,545,387
+,169,383,325,613,439,1000,651,250,943,47
+,2427,630,601,193,874,548,301,808,152,335
+,1485,54,644,814,286,893,129,871,520,991
+,1392,907,500,214,744,83,803,481,809,679
+,2173,66,171,520,397,769,903,660,769,521
+,2459,510,531,475,183,329,729,382,538,711
+,1538,732,978,506,485,274,595,410,653,943
+,2425,597,665,37,212,224,916,207,462,883
+,1761,405,223,313,435,910,386,585,160,957
+,819,383,260,563,86,137,769,86,302,455
+,1654,360,235,597,42,476,524,636,344,436
+,2088,478,442,418,376,823,509,324,279,391
+,254,183,452,239,271,660,77,367,923,84
+,2296,862,513,525,559,659,80,804,283,948
+,1965,100,121,73,368,39,559,205,341,201
+,2369,337,256,309,763,835,786,699,865,281
+,1851,722,618,141,875,770,733,757,556,934
+,2882,8,788,306,288,842,354,801,413,968
+,391,841,593,775,671,12,483,669,524,779
+,74,152,886,407,233,232,740,767,214,485
+,2201,528,601,804,565,775,479,739,833,472
+,2560,810,87,320,866,192,439,788,964,714
+,1660,214,449,460,873,571,30,383,142,591
+,1928,131,312,965,755,9,511,829,674,854
+,2626,347,230,429,435,702,770,413,781,797
+,85,550,306,333,601,23,581,804,32,944
+,1652,157,1000,975,338,581,644,818,617,935
+,2139,587,887,400,390,209,971,400,65,547
+,412,192,486,111,336,583,985,462,654,916
+,1895,95,175,106,691,566,181,32,846,705
+,1969,500,27,191,203,71,933,986,395,290
+,2110,238,298,675,536,71,465,58,377,530
+,1713,175,334,880,931,420,400,160,113,132
+,2765,428,489,760,70,398,978,925,886,211
+,2099,891,210,317,442,837,726,680,486,162
+,1580,588,961,317,601,207,514,733,701,469
+,951,206,7,146,456,65,844,408,619,826
+,1882,538,336,932,582,900,502,471,473,589
+,1758,754,93,294,661,902,940,467,355,717
+,1807,728,811,304,400,627,843,829,870,179
+,90,255,183,921,632,750,442,468,393,932
+,273,187,715,582,97,402,715,968,44,245
+,2002,891,161,280,903,643,550,298,682,938
+,1496,714,743,739,923,222,930,505,421,780
+,1875,124,377,78,773,107,516,784,798,333
+,1942,461,168,258,212,518,45,473,27,74
+,2926,711,691,767,472,390,351,763,408,876
+,2523,406,38,10,256,117,726,939,139,334
+,1822,766,475,496,472,69,84,561,672,248
+,519,972,448,143,482,840,285,861,165,174
+,764,18,621,102,181,301,127,547,759,400
+,792,79,687,781,11,693,279,157,451,366
+,1237,221,731,35,914,691,545,221,452,713
+,2458,856,650,830,535,656,678,733,675,918
+,799,399,706,315,454,53,612,4,49,790
+,2252,785,206,951,255,383,930,244,204,93
+,2133,431,28,14,345,840,196,696,685,64
+,2867,981,903,98,816,855,850,680,171,741
+,1604,45,425,524,110,835,334,330,575,641
+,138,639,212,956,554,404,961,438,123,237
+,738,108,365,331,177,15,411,669,323,12
+,2591,217,469,225,67,673,834,285,665,638
+,175,44,68,906,223,420,308,785,613,511
+,2984,729,549,810,944,870,582,175,257,982
+,853,614,332,646,713,397,694,946,995,789
+,492,136,340,179,650,779,905,704,325,871
+,722,493,69,343,18,623,933,599,459,391
+,3,655,759,238,515,601,721,13,238,21
+,1508,777,918,127,316,242,755,438,775,249
+,596,81,61,140,383,510,303,206,155,384
+,294,657,38,243,945,742,612,968,454,756
+,2978,336,137,284,325,659,805,778,40,533
+,1055,424,663,832,295,768,24,234,867,750
+,33,350,248,210,552,55,928,939,680,254
+,1097,703,712,736,227,622,893,390,533,329
+,2720,452,644,6,66,890,503,71,976,197
+,2367,649,144,960,209,128,93,177,606,562
+,2764,814,954,209,241,519,80,436,742,478
+,936,168,738,202,250,434,180,620,254,310
+,1447,590,459,990,650,206,278,883,800,492
+,488,973,995,368,407,386,171,482,451,432
+,97,624,752,443,778,159,839,976,812,493
+,2685,780,390,437,874,85,777,928,943,307
+,616,550,156,566,744,179,263,389,474,313
+,1190,290,384,575,620,492,73,341,139,732
+,590,200,158,938,194,4,13,882,512,747
+,1416,383,503,414,947,425,962,404,993,760
+,1503,393,501,315,656,602,72,418,906,39
+,1173,127,394,954,579,166,198,781,446,980
+,306,789,935,769,739,356,521,726,500,650
+,2612,377,713,59,666,394,948,434,753,252
+,1707,489,35,943,832,370,646,723,692,28
+,2793,681,660,151,267,619,466,966,697,150
+,2662,253,616,592,974,678,861,165,12,119
+,2151,94,659,728,938,393,407,723,600,997
+,2744,82,530,931,193,897,433,169,849,437
+,2127,708,309,512,990,545,674,907,391,600
+,2941,751,421,770,897,946,745,890,91,111
+,2043,586,795,816,352,833,146,275,766,214
+,1291,766,407,715,315,6,172,835,503,1
+,78,71,792,713,427,537,426,670,295,750
+,1210,174,180,383,190,720,137,202,498,186
+,1940,971,112,461,580,833,217,190,205,60
+,686,187,828,777,196,265,923,892,418,451
+,1973,934,639,111,889,651,170,81,300,87
+,2550,127,283,65,350,30,599,240,489,496
+,2203,778,103,9,62,272,769,978,7,681
+,2422,808,42,99,216,534,810,7,384,617
+,2907,985,779,272,954,497,484,775,345,618
+,1431,344,379,698,911,351,322,836,245,963
+,1976,681,408,387,625,58,998,364,894,338
+,482,102,3,467,891,715,411,742,855,909
+,765,142,26,616,125,889,543,286,973,716
+,1967,834,254,377,462,633,702,674,890,486
+,811,423,676,192,3,653,980,964,832,329
+,109,648,368,894,46,992,826,753,333,694
+,1682,239,621,496,409,756,627,813,83,356
+,54,961,953,964,953,487,674,877,716,926
+,2490,751,394,300,621,199,729,146,890,532
+,923,585,803,877,733,516,32,130,509,815
+,454,308,852,689,561,895,478,172,917,456
+,2742,118,493,678,553,246,249,216,174,771
+,2983,675,716,91,108,445,732,29,164,951
+,301,334,924,392,784,287,225,736,263,681
+,1596,974,919,686,126,681,139,944,547,648
+,2055,503,92,814,708,340,892,229,954,589
+,1767,946,615,66,659,351,386,932,734,760
+,2674,742,390,669,657,803,575,989,876,447
+,2573,238,228,265,118,297,89,114,91,348
+,1930,606,959,192,762,964,118,586,376,130
+,2578,320,976,389,590,754,1,318,63,604
+,1056,194,867,397,433,327,789,373,816,695
+,2944,815,129,532,679,616,604,227,109,404
+,1282,551,872,471,323,148,835,965,303,857
+,1725,511,696,466,150,615,290,149,764,681
+,2245,820,847,719,35,613,327,316,514,705
+,106,280,868,723,587,489,646,848,220,506
+,2774,721,989,385,60,829,341,156,847,733
+,2900,868,750,956,829,230,717,753,53,945
+,408,794,183,877,499,744,401,306,834,675
+,331,868,163,22,561,401,345,432,694,484
+,857,775,400,400,73,540,744,289,289,713
+,1080,199,717,876,561,403,99,134,331,770
+,2224,594,886,824,55,870,957,726,311,468
+,2250,167,591,140,452,712,494,298,918,148
+,577,223,823,766,200,752,666,9,370,743
+,1681,589,104,694,804,879,151,385,973,437
+,2098,861,172,948,57,98,364,997,485,183
+,2696,53,120,527,665,346,607,444,993,152
+,753,739,413,250,34,121,246,406,500,309
+,1337,610,977,176,668,763,384,794,708,814
+,2337,674,91,796,474,885,837,665,391,281
+,2830,668,455,376,11,122,119,84,124,500
+,1991,684,930,521,230,23,600,586,586,491
+,2068,710,763,96,813,607,185,393,495,660
+,479,444,305,585,128,101,333,65,730,930
+,1583,814,550,189,415,832,717,20,403,569
+,583,549,802,831,542,500,65,531,857,598
+,909,730,838,809,667,127,771,771,212,988
+,486,919,120,185,882,613,711,184,5,568
+,746,819,321,125,40,131,588,211,668,165
+,1506,575,262,871,771,35,86,127,518,305
+,2772,989,557,175,433,1000,967,673,0,254
+,1263,47,968,968,531,926,801,300,674,546
+,339,143,590,502,711,320,535,932,360,620
+,370,522,214,704,101,678,839,45,242,37
+,2157,145,306,876,852,220,980,137,616,565
+,315,605,367,284,131,746,637,432,76,563
+,1666,266,390,665,925,167,409,467,85,967
+,268,692,435,962,711,146,548,208,72,644
+,689,275,648,713,661,197,731,381,577,673
+,1294,840,523,619,167,429,841,157,323,806
+,1251,388,26,987,618,253,79,276,127,544
+,2905,700,561,416,67,337,655,91,371,931
+,2423,796,279,149,889,817,231,280,10,100
+,2715,992,227,387,974,107,801,947,126,179
+,1832,745,896,313,602,841,826,501,97,541
+,2547,717,585,886,288,564,277,622,101,918
+,2406,174,325,969,769,398,185,353,825,759
+,1398,991,807,544,564,608,903,870,412,488
+,2073,130,265,9,703,525,730,159,673,129
+,393,387,581,753,273,54,940,742,654,997
+,2750,724,796,255,694,623,428,723,468,187
+,699,362,817,479,514,293,282,975,438,533
+,2613,735,902,945,833,234,312,650,878,89
+,1467,312,416,789,320,865,92,649,81,78
+,1464,245,967,95,169,589,58,86,761,292
+,1668,951,504,827,895,10,985,971,434,693
+,37,954,748,139,491,509,527,701,693,909
+,1975,714,127,415,14,631,194,932,851,763
+,1041,731,435,719,547,767,353,250,756,677
+,2846,942,843,901,967,540,700,623,43,621
+,191,987,172,690,952,903,782,536,925,230
+,2835,76,375,859,136,526,361,975,52,432
+,261,388,174,382,993,115,346,935,695,255
+,1633,552,871,784,878,120,297,306,494,300
+,771,218,2,755,646,582,403,222,945,312
+,2777,955,982,658,527,845,914,36,957,474
+,2692,632,868,499,58,364,6,630,471,336
+,2531,362,109,5,358,911,739,190,411,363
+,1218,103,441,503,202,86,541,526,920,157
+,1674,126,935,499,7,159,787,672,256,231
+,802,404,383,306,373,438,913,186,549,831
+,1909,111,449,672,859,449,165,143,362,765
+,716,5,367,904,891,726,203,113,194,291
+,289,136,404,431,761,339,922,32,164,682
+,1193,971,490,982,681,272,121,431,500,563
+,166,819,698,731,130,332,769,782,799,902
+,1345,513,743,945,759,863,845,398,134,112
+,2153,110,811,21,129,159,352,512,13,785
+,1234,242,53,694,849,350,439,999,611,755
+,516,444,491,296,288,497,84,779,439,253
+,581,156,746,523,191,255,287,785,117,884
+,2537,717,253,682,840,439,203,485,723,801
+,2269,105,717,747,514,625,185,193,875,605
+,193,649,152,234,123,135,410,39,280,196
+,1509,149,436,18,631,204,93,885,52,389
+,1639,537,313,716,648,236,227,344,436,490
+,685,522,437,659,52,311,112,275,372,287
+,1549,359,728,428,252,327,916,48,186,41
+,1224,53,676,762,329,217,292,483,286,930
+,692,103,441,189,258,971,503,372,342,311
+,837,99,685,13,699,565,788,882,133,339
+,793,759,829,370,760,797,603,541,619,380
+,2016,665,282,215,598,393,89,908,108,133
+,2922,760,616,123,42,600,991,934,905,670
+,745,195,197,721,456,947,101,76,964,559
+,325,351,308,742,485,779,206,546,738,157
+,1880,130,196,428,563,728,258,912,898,777
+,1070,866,928,573,998,355,916,374,459,644
+,2195,120,932,446,69,494,429,536,953,975
+,2901,809,22,170,613,280,713,990,132,296
+,2436,978,579,62,813,995,710,194,758,834
+,507,506,701,545,891,525,994,76,169,448
+,1789,521,393,575,798,399,410,621,278,211
+,353,3,163,585,223,606,713,9,900,950
+,2082,525,466,515,724,737,537,265,310,872
+,172,303,725,274,565,121,175,229,46,546
+,703,298,40,654,151,964,904,284,949,136
+,2602,894,809,52,657,254,843,215,547,118
+,922,664,355,647,619,995,377,332,85,969
+,126,905,562,270,739,136,418,919,626,301
+,2583,58,640,835,10,843,364,224,748,988
+,1026,180,262,994,16,550,673,888,796,961
+,2760,597,108,739,763,704,391,968,669,263
+,2265,641,649,618,564,211,836,452,225,332
+,2092,208,595,644,827,878,770,404,159,456
+,385,747,743,444,377,151,923,490,95,507
+,2405,470,189,835,883,180,193,583,502,965
+,921,184,663,288,21,317,166,906,181,837
+,2109,703,622,192,71,146,73,436,251,465
+,1638,660,993,412,102,741,539,140,744,768
+,1188,12,617,102,386,393,21,112,846,13
+,2396,850,659,957,44,135,254,788,85,274
+,1841,961,642,614,13,811,989,9,980,810
+,1038,555,753,837,346,873,724,87,207,142
+,1216,777,576,913,454,835,167,314,339,490
+,1590,249,57,556,708,273,642,556,126,21
+,2230,45,105,557,303,105,523,907,856,425
+,157,1,934,229,24,232,437,394,150,361
+,587,293,231,943,900,700,393,703,905,732
+,2636,923,115,503,173,112,229,104,979,978
+,116,365,78,630,341,121,369,945,946,941
+,77,917,44,619,154,182,438,543,342,614
+,1598,695,435,153,914,683,703,308,639,837
+,945,356,896,106,277,938,511,677,377,955
+,1827,830,928,728,817,78,807,2,882,955
+,1854,796,671,150,327,151,399,457,738,815
+,1534,999,489,834,68,115,591,437,982,744
+,1497,148,92,330,130,186,785,394,361,326
+,115,434,492,710,996,423,616,812,651,341
+,2488,821,966,669,943,251,392,428,562,509
+,1825,546,504,545,549,841,235,393,85,594
+,620,431,539,591,795,710,830,766,224,719
+,1293,240,370,2,208,871,17,371,571,485
+,1424,136,943,112,61,933,357,369,869,869
+,2404,797,838,142,301,471,147,855,873,564
+,139,953,934,431,248,215,847,229,57,764
+,900,120,985,712,720,146,386,750,26,712
+,309,434,380,55,718,108,678,595,75,488
+,2838,608,891,161,30,150,374,144,80,250
+,2515,12,582,851,833,426,153,783,186,481
+,2590,143,766,540,715,971,306,481,421,739
+,1279,454,800,660,711,13,293,113,159,61
+,1712,657,32,618,769,177,515,164,11,405
+,1808,433,696,970,896,465,567,728,849,264
+,919,585,513,313,726,232,433,953,160,278
+,2274,94,534,386,973,128,760,216,410,633
+,2609,224,401,188,842,763,999,572,619,861
+,1710,836,709,479,488,320,668,657,414,847
+,1011,168,55,822,380,662,434,199,276,111
+,2118,79,371,617,797,866,343,28,245,288
+,362,554,109,66,216,611,11,774,931,316
+,2294,564,206,653,951,33,246,275,87,1000
+,313,578,45,577,809,495,46,49,322,95
+,1233,316,8,365,769,289,981,407,512,199
+,355,769,400,743,364,997,132,719,690,99
+,404,417,918,759,515,103,514,826,793,153
+,524,601,815,391,488,600,889,872,38,297
+,299,155,698,474,80,906,640,95,975,735
+,2186,905,220,826,697,669,144,787,735,164
+,2658,513,528,746,623,667,535,952,787,349
+,1631,804,134,347,297,368,638,876,962,441
+,1321,912,729,792,699,396,244,213,625,621
+,719,981,156,580,642,509,99,824,15,146
+,715,891,316,560,888,992,816,800,916,89
+,2919,96,465,321,173,956,302,165,69,286
+,1044,372,361,91,72,183,727,790,471,264
+,1450,262,781,897,452,665,946,143,962,126
+,1419,582,499,40,372,879,293,410,418,877
+,2257,939,696,132,451,375,524,865,639,974
+,1045,382,85,698,423,518,460,269,898,896
+,2520,43,635,1000,659,58,758,809,250,716
+,344,574,8,158,873,107,297,384,162,583
+,682,874,74,228,397,895,473,685,95,357
+,1591,479,657,547,921,837,476,111,87,184
+,1463,110,939,982,944,406,786,443,204,411
+,635,66,324,350,618,497,217,719,759,487
+,2988,285,465,39,558,159,971,481,149,655
+,2949,327,581,32,615,792,389,63,958,827
+,1073,808,440,484,218,55,216,888,23,975
+,1456,700,433,276,258,650,180,85,145,70
+,1206,414,83,305,894,729,462,892,429,537
+,2316,685,914,265,188,850,55,94,916,923
+,1645,350,986,771,304,168,203,357,964,429
+,216,486,548,705,802,164,988,713,447,363
+,894,709,584,398,842,10,574,801,915,611
+,2595,79,740,683,592,631,148,331,680,843
+,2374,751,760,845,754,750,324,14,154,918
+,2773,956,151,511,885,324,116,811,993,690
+,1434,269,533,739,3,461,965,852,877,128
+,351,460,654,992,592,99,37,223,763,192
+,1559,713,559,792,170,615,386,221,356,214
+,42,195,995,695,590,978,14,379,833,372
+,829,309,918,314,514,838,888,127,716,511
+,1484,466,423,420,360,360,848,555,436,535
+,2853,783,343,116,948,180,469,438,382,181
+,855,609,166,555,446,390,291,865,675,705
+,1311,447,649,290,718,635,960,947,927,877
+,828,89,825,857,106,91,665,16,631,954
+,1174,106,508,767,769,638,949,557,102,648
+,879,515,595,825,33,683,296,872,430,216
+,2066,795,465,564,390,117,200,876,480,973
+,2152,359,990,812,935,475,422,929,840,660
+,159,803,758,405,7,962,383,800,229,519
+,1866,274,900,674,270,314,858,924,814,931
+,2642,689,247,4,921,930,424,33,15,26
+,893,809,383,860,836,531,839,759,614,325
+,2776,174,982,585,440,247,569,996,400,197
+,2085,659,402,848,52,820,954,591,439,131
+,2580,651,399,1000,745,177,412,925,325,529
+,2558,447,236,101,727,820,129,516,121,646
+,1368,803,401,863,780,642,938,266,857,566
+,1144,971,330,208,95,95,26,447,11,643
+,1024,607,156,28,632,724,556,942,995,80
+,2071,391,25,760,751,133,464,649,646,796
+,1090,191,245,668,919,227,304,198,548,860
+,1932,743,798,826,804,387,788,266,675,52
+,264,84,957,147,642,23,653,593,887,105
+,2285,470,949,610,125,109,145,289,268,916
+,1551,95,79,506,864,370,934,858,212,400
+,2730,502,814,22,423,75,498,982,640,78
+,1402,703,429,384,911,321,648,930,461,827
+,245,184,305,10,925,182,675,580,646,621
+,2659,32,120,999,351,355,495,628,614,559
+,592,162,534,759,260,948,124,197,620,30
+,523,23,530,524,779,156,221,887,373,117
+,2328,222,30,335,141,225,85,745,708,962
+,2286,274,280,493,204,976,94,356,725,564
+,2848,301,478,763,828,507,446,524,969,409
+,2958,197,256,177,202,703,866,908,734,287
+,15,402,105,597,812,784,601,319,169,813
+,112,976,739,499,443,904,456,433,610,765
+,2035,835,326,637,110,621,392,439,204,580
+,809,382,919,647,839,65,460,171,910,34
+,451,523,259,600,419,300,618,846,898,660
+,93,988,543,360,407,30,117,184,828,330
+,631,809,190,366,251,74,220,672,380,380
+,2593,798,321,125,9,326,704,11,734,336
+,1079,476,581,814,329,920,238,575,67,394
+,2664,616,217,539,222,105,574,284,733,622
+,1214,904,826,880,687,76,587,914,661,431
+,2732,774,445,325,832,327,202,201,50,821
+,2407,510,47,281,431,122,127,463,175,615
+,580,605,392,242,590,21,291,18,659,802
+,227,589,4,933,472,291,134,861,990,412
+,1542,917,546,940,540,40,345,660,16,71
+,2003,97,849,821,425,740,308,281,324,771
+,233,409,81,569,793,320,505,627,48,402
+,2314,713,465,505,869,656,990,932,124,863
+,441,960,632,105,29,229,48,845,10,142
+,1466,330,882,704,741,446,231,174,90,195
+,848,923,831,377,835,924,550,5,956,704
+,905,53,265,904,803,44,113,49,969,311
+,2469,270,337,704,627,810,831,388,276,715
+,2301,947,141,597,471,122,129,326,882,151
+,1848,598,909,870,989,916,423,652,457,684
+,2389,534,540,246,591,489,677,501,999,287
+,2238,791,748,494,231,94,270,784,303,728
+,557,361,571,855,893,248,675,662,752,876
+,167,711,79,76,995,506,61,217,13,686
+,1380,479,838,394,192,499,107,348,213,833
+,2556,779,540,526,879,320,778,967,319,725
+,1265,671,157,868,516,108,936,133,224,938
+,2694,394,998,463,888,635,525,207,798,409
+,318,70,284,433,168,702,314,974,890,591
+,1608,104,150,472,897,109,762,112,246,16
+,173,471,191,273,29,487,677,543,463,360
+,1221,121,949,563,86,362,441,217,154,406
+,2462,441,520,341,54,451,279,378,100,50
+,1898,391,749,950,432,198,301,193,412,180
+,638,282,542,622,505,531,443,111,697,51
+,757,254,981,113,224,117,54,916,36,589
+,2807,244,67,544,103,282,231,903,635,716
+,698,414,401,402,103,225,751,843,900,708
+,2906,507,210,175,804,208,355,652,294,722
+,859,294,751,3,96,189,515,929,717,637
+,770,756,312,873,928,704,244,174,322,697
+,1543,170,191,340,921,466,145,985,13,682
+,2928,438,342,21,181,997,270,902,78,174
+,2827,778,873,9,608,360,992,485,597,1
+,62,894,253,483,112,46,838,17,580,696
+,2855,855,233,537,515,171,773,150,793,96
+,2762,311,823,753,343,463,502,752,359,558
+,2089,679,498,259,373,469,13,847,361,308
+,820,341,912,530,793,679,877,885,923,863
+,1346,495,115,276,702,531,745,655,21,151
?,903,903,903,903,903,903,903,903,903,903
?,2701,2701,2701,2701,2701,2701,2701,2701,2701,2701
?,581,581,581,581,581,581,581,581,581,581
?,1464,1464,1464,1464,1464,1464,1464,1464,1464,1464
?,2040,2040,2040,2040,2040,2040,2040,2040,2040,2040
?,127,127,127,127,127,127,127,127,127,127
?,1001,1001,1001,1001,1001,1001,1001,1001,1001,1001
?,2366,2366,2366,2366,2366,2366,2366,2366,2366,2366
?,2851,2851,2851,2851,2851,2851,2851,2851,2851,2851
?,1765,1765,1765,1765,1765,1765,1765,1765,1765,1765
?,1473,1473,1473,1473,1473,1473,1473,1473,1473,1473
?,846,846,846,846,846,846,846,846,846,846
?,366,366,366,366,366,366,366,366,366,366
?,794,794,794,794,794,794,794,794,794,794
?,1548,1548,1548,1548,1548,1548,1548,1548,1548,1548
?,2617,2617,2617,2617,2617,2617,2617,2617,2617,2617
?,443,443,443,443,443,443,443,443,443,443
?,1122,1122,1122,1122,1122,1122,1122,1122,1122,1122
?,2568,2568,2568,2568,2568,2568,2568,2568,2568,2568
?,2781,2781,2781,2781,2781,2781,2781,2781,2781,2781
?,2232,2232,2232,2232,2232,2232,2232,2232,2232,2232
?,1841,1841,1841,1841,1841,1841,1841,1841,1841,1841
?,2159,2159,2159,2159,2159,2159,2159,2159,2159,2159
?,717,717,717,717,717,717,717,717,717,717
?,1087,1087,1087,1087,1087,1087,1087,1087,1087,1087
?,2782,2782,2782,2782,2782,2782,2782,2782,2782,2782
?,1429,1429,1429,1429,1429,1429,1429,1429,1429,1429
?,1357,1357,1357,1357,1357,1357,1357,1357,1357,1357
?,1602,1602,1602,1602,1602,1602,1602,1602,1602,1602
?,2414,2414,2414,2414,2414,2414,2414,2414,2414,2414
?,1710,1710,1710,1710,1710,1710,1710,1710,1710,1710
?,1132,1132,1132,1132,1132,1132,1132,1132,1132,1132
?,1267,1267,1267,1267,1267,1267,1267,1267,1267,1267
?,781,781,781,781,781,781,781,781,781,781
?,169,169,169,169,169,169,169,169,169,169
?,2374,2374,2374,2374,2374,2374,2374,2374,2374,2374
?,2131,2131,2131,2131,2131,2131,2131,2131,2131,2131
?,2875,2875,2875,2875,2875,2875,2875,2875,2875,2875
?,1407,1407,1407,1407,1407,1407,1407,1407,1407,1407
?,2509,2509,2509,2509,2509,2509,2509,2509,2509,2509
?,504,504,504,504,504,504,504,504,504,504
?,1776,1776,1776,1776,1776,1776,1776,1776,1776,1776
?,1864,1864,1864,1864,1864,1864,1864,1864,1864,1864
?,2322,2322,2322,2322,2322,2322,2322,2322,2322,2322
?,1422,1422,1422,1422,1422,1422,1422,1422,1422,1422
?,1182,1182,1182,1182,1182,1182,1182,1182,1182,1182
?,452,452,452,452,452,452,452,452,452,452
?,35,35,35,35,35,35,35,35,35,35
?,2044,2044,2044,2044,2044,2044,2044,2044,2044,2044
?,2808,2808,2808,2808,2808,2808,2808,2808,2808,2808
?,603,603,603,603,603,603,603,603,603,603
?,1911,1911,1911,1911,1911,1911,1911,1911,1911,1911
?,2790,2790,2790,2790,2790,2790,2790,2790,2790,2790
?,616,616,616,616,616,616,616,616,616,616
?,2143,2143,2143,2143,2143,2143,2143,2143,2143,2143
?,1187,1187,1187,1187,1187,1187,1187,1187,1187,1187
?,2556,2556,2556,2556,2556,2556,2556,2556,2556,2556
?,2287,2287,2287,2287,2287,2287,2287,2287,2287,2287
?,2722,2722,2722,2722,2722,2722,2722,2722,2722,2722
?,667,667,667,667,667,667,667,667,667,667
?,1244,1244,1244,1244,1244,1244,1244,1244,1244,1244
?,1995,1995,1995,1995,1995,1995,1995,1995,1995,1995
?,1181,1181,1181,1181,1181,1181,1181,1181,1181,1181
?,265,265,265,265,265,265,265,265,265,265
?,1208,1208,1208,1208,1208,1208,1208,1208,1208,1208
?,64,64,64,64,64,64,64,64,64,64
?,1860,1860,1860,1860,1860,1860,1860,1860,1860,1860
?,168,168,168,168,168,168,168,168,168,168
?,891,891,891,891,891,891,891,891,891,891
?,1160,1160,1160,1160,1160,1160,1160,1160,1160,1160
?,2430,2430,2430,2430,2430,2430,2430,2430,2430,2430
?,506,506,506,506,506,506,506,506,506,506
?,218,218,218,218,218,218,218,218,218,218
?,2001,2001,2001,2001,2001,2001,2001,2001,2001,2001
?,1253,1253,1253,1253,1253,1253,1253,1253,1253,1253
?,21,21,21,21,21,21,21,21,21,21
?,1763,1763,1763,1763,1763,1763,1763,1763,1763,1763
?,1443,1443,1443,1443,1443,1443,1443,1443,1443,1443
?,2705,2705,2705,2705,2705,2705,2705,2705,2705,2705
?,3,3,3,3,3,3,3,3,3,3
?,205,205,205,205,205,205,205,205,205,205
?,1030,1030,1030,1030,1030,1030,1030,1030,1030,1030
?,565,565,565,565,565,565,565,565,565,565
?,1435,1435,1435,1435,1435,1435,1435,1435,1435,1435
?,1161,1161,1161,1161,1161,1161,1161,1161,1161,1161
?,2057,2057,2057,2057,2057,2057,2057,2057,2057,2057
?,2726,2726,2726,2726,2726,2726,2726,2726,2726,2726
?,2297,2297,2297,2297,2297,2297,2297,2297,2297,2297
?,636,636,636,636,636,636,636,636,636,636
?,353,353,353,353,353,353,353,353,353,353
?,1109,1109,1109,1109,1109,1109,1109,1109,1109,1109
?,585,585,585,585,585,585,585,585,585,585
?,806,806,806,806,806,806,806,806,806,806
?,1770,1770,1770,1770,1770,1770,1770,1770,1770,1770
?,2398,2398,2398,2398,2398,2398,2398,2398,2398,2398
?,331,331,331,331,331,331,331,331,331,331
?,1192,1192,1192,1192,1192,1192,1192,1192,1192,1192
?,897,897,897,897,897,897,897,897,897,897
?,132,132,132,132,132,132,132,132,132,132
?,1939,1939,1939,1939,1939,1939,1939,1939,1939,1939
?,1453,1453,1453,1453,1453,1453,1453,1453,1453,1453
?,1019,1019,1019,1019,1019,1019,1019,1019,1019,1019
?,2780,2780,2780,2780,2780,2780,2780,2780,2780,2780
?,2610,2610,2610,2610,2610,2610,2610,2610,2610,2610
?,1583,1583,1583,1583,1583,1583,1583,1583,1583,1583
?,1731,1731,1731,1731,1731,1731,1731,1731,1731,1731
?,1635,1635,1635,1635,1635,1635,1635,1635,1635,1635
?,402,402,402,402,402,402,402,402,402,402
?,1071,1071,1071,1071,1071,1071,1071,1071,1071,1071
?,1238,1238,1238,1238,1238,1238,1238,1238,1238,1238
?,2446,2446,2446,2446,2446,2446,2446,2446,2446,2446
?,1273,1273,1273,1273,1273,1273,1273,1273,1273,1273
?,710,710,710,710,710,710,710,710,710,710
?,2310,2310,2310,2310,2310,2310,2310,2310,2310,2310
?,1786,1786,1786,1786,1786,1786,1786,1786,1786,1786
?,2781,2781,2781,2781,2781,2781,2781,2781,2781,2781
?,1321,1321,1321,1321,1321,1321,1321,1321,1321,1321
?,2369,2369,2369,2369,2369,2369,2369,2369,2369,2369
?,571,571,571,571,571,571,571,571,571,571
?,2799,2799,2799,2799,2799,2799,2799,2799,2799,2799
?,818,818,818,818,818,818,818,818,818,818
?,1025,1025,1025,1025,1025,1025,1025,1025,1025,1025
?,556,556,556,556,556,556,556,556,556,556
?,1706,1706,1706,1706,1706,1706,1706,1706,1706,1706
?,2271,2271,2271,2271,2271,2271,2271,2271,2271,2271
?,818,818,818,818,818,818,818,818,818,818
?,1234,1234,1234,1234,1234,1234,1234,1234,1234,1234
?,1250,1250,1250,1250,1250,1250,1250,1250,1250,1250
?,351,351,351,351,351,351,351,351,351,351
?,1218,1218,1218,1218,1218,1218,1218,1218,1218,1218
?,2322,2322,2322,2322,2322,2322,2322,2322,2322,2322
?,2574,2574,2574,2574,2574,2574,2574,2574,2574,2574
?,1889,1889,1889,1889,1889,1889,1889,1889,1889,1889
?,2236,2236,2236,2236,2236,2236,2236,2236,2236,2236
?,752,752,752,752,752,752,752,752,752,752
?,1540,1540,1540,1540,1540,1540,1540,1540,1540,1540
?,1790,1790,1790,1790,1790,1790,1790,1790,1790,1790
?,394,394,394,394,394,394,394,394,394,394
?,568,568,568,568,568,568,568,568,568,568
?,2157,2157,2157,2157,2157,2157,2157,2157,2157,2157
?,1811,1811,1811,1811,1811,1811,1811,1811,1811,1811
?,2844,2844,2844,2844,2844,2844,2844,2844,2844,2844
?,1284,1284,1284,1284,1284,1284,1284,1284,1284,1284
?,2064,2064,2064,2064,2064,2064,2064,2064,2064,2064
?,2807,2807,2807,2807,2807,2807,2807,2807,2807,2807
?,1465,1465,1465,1465,1465,1465,1465,1465,1465,1465
?,1919,1919,1919,1919,1919,1919,1919,1919,1919,1919
?,1451,1451,1451,1451,1451,1451,1451,1451,1451,1451
?,1752,1752,1752,1752,1752,1752,1752,1752,1752,1752
?,1911,1911,1911,1911,1911,1911,1911,1911,1911,1911
?,1723,1723,1723,1723,1723,1723,1723,1723,1723,1723
?,1681,1681,1681,1681,1681,1681,1681,1681,1681,1681
?,1890,1890,1890,1890,1890,1890,1890,1890,1890,1890
?,114,114,114,114,114,114,114,114,114,114
?,2290,2290,2290,2290,2290,2290,2290,2290,2290,2290
?,109,109,109,109,109,109,109,109,109,109
?,1725,1725,1725,1725,1725,1725,1725,1725,1725,1725
?,363,363,363,363,363,363,363,363,363,363
?,576,576,576,576,576,576,576,576,576,576
?,2520,2520,2520,2520,2520,2520,2520,2520,2520,2520
?,1239,1239,1239,1239,1239,1239,1239,1239,1239,1239
?,994,994,994,994,994,994,994,994,994,994
?,2378,2378,2378,2378,2378,2378,2378,2378,2378,2378
?,2098,2098,2098,2098,2098,2098,2098,2098,2098,2098
?,1529,1529,1529,1529,1529,1529,1529,1529,1529,1529
?,522,522,522,522,522,522,522,522,522,522
?,2544,2544,2544,2544,2544,2544,2544,2544,2544,2544
?,2226,2226,2226,2226,2226,2226,2226,2226,2226,2226
?,2317,2317,2317,2317,2317,2317,2317,2317,2317,2317
?,1202,1202,1202,1202,1202,1202,1202,1202,1202,1202
?,220,220,220,220,220,220,220,220,220,220
?,1609,1609,1609,1609,1609,1609,1609,1609,1609,1609
?,516,516,516,516,516,516,516,516,516,516
?,1651,1651,1651,1651,1651,1651,1651,1651,1651,1651
?,2745,2745,2745,2745,2745,2745,2745,2745,2745,2745
?,25,25,25,25,25,25,25,25,25,25
?,1896,1896,1896,1896,1896,1896,1896,1896,1896,1896
?,2122,2122,2122,2122,2122,2122,2122,2122,2122,2122
?,1886,1886,1886,1886,1886,1886,1886,1886,1886,1886
?,223,223,223,223,223,223,223,223,223,223
?,347,347,347,347,347,347,347,347,347,347
?,225,225,225,225,225,225,225,225,225,225
?,1107,1107,1107,1107,1107,1107,1107,1107,1107,1107
?,2662,2662,2662,2662,2662,2662,2662,2662,2662,2662
?,439,439,439,439,439,439,439,439,439,439
?,1366,1366,1366,1366,1366,1366,1366,1366,1366,1366
?,2435,2435,2435,2435,2435,2435,2435,2435,2435,2435
?,399,399,399,399,399,399,399,399,399,399
?,1191,1191,1191,1191,1191,1191,1191,1191,1191,1191
?,2317,2317,2317,2317,2317,2317,2317,2317,2317,2317
?,1973,1973,1973,1973,1973,1973,1973,1973,1973,1973
?,2829,2829,2829,2829,2829,2829,2829,2829,2829,2829
?,1358,1358,1358,1358,1358,1358,1358,1358,1358,1358
?,250,250,250,250,250,250,250,250,250,250
?,498,498,498,498,498,498,498,498,498,498
?,2395,2395,2395,2395,2395,2395,2395,2395,2395,2395
?,2763,2763,2763,2763,2763,2763,2763,2763,2763,2763
?,2093,2093,2093,2093,2093,2093,2093,2093,2093,2093
?,218,218,218,218,218,218,218,218,218,218
?,2874,2874,2874,2874,2874,2874,2874,2874,2874,2874
?,840,840,840,840,840,840,840,840,840,840
?,2115,2115,2115,2115,2115,2115,2115,2115,2115,2115
?,591,591,591,591,591,591,591,591,591,591
?,2303,2303,2303,2303,2303,2303,2303,2303,2303,2303
?,2029,2029,2029,2029,2029,2029,2029,2029,2029,2029
?,559,559,559,559,559,559,559,559,559,559
?,916,916,916,916,916,916,916,916,916,916
?,2768,2768,2768,2768,2768,2768,2768,2768,2768,2768
?,2621,2621,2621,2621,2621,2621,2621,2621,2621,2621
?,634,634,634,634,634,634,634,634,634,634
?,1233,1233,1233,1233,1233,1233,1233,1233,1233,1233
?,2574,2574,2574,2574,2574,2574,2574,2574,2574,2574
?,1274,1274,1274,1274,1274,1274,1274,1274,1274,1274
?,27,27,27,27,27,27,27,27,27,27
?,1987,1987,1987,1987,1987,1987,1987,1987,1987,1987
?,2555,2555,2555,2555,2555,2555,2555,2555,2555,2555
?,2818,2818,2818,2818,2818,2818,2818,2818,2818,2818
?,823,823,823,823,823,823,823,823,823,823
?,470,470,470,470,470,470,470,470,470,470
?,276,276,276,276,276,276,276,276,276,276
?,1,1,1,1,1,1,1,1,1,1
?,627,627,627,627,627,627,627,627,627,627
?,2474,2474,2474,2474,2474,2474,2474,2474,2474,2474
?,496,496,496,496,496,496,496,496,496,496
?,2130,2130,2130,2130,2130,2130,2130,2130,2130,2130
?,397,397,397,397,397,397,397,397,397,397
?,1013,1013,1013,1013,1013,1013,1013,1013,1013,1013
?,837,837,837,837,837,837,837,837,837,837
?,425,425,425,425,425,425,425,425,425,425
?,1941,1941,1941,1941,1941,1941,1941,1941,1941,1941
?,101,101,101,101,101,101,101,101,101,101
?,2072,2072,2072,2072,2072,2072,2072,2072,2072,2072
?,1818,1818,1818,1818,1818,1818,1818,1818,1818,1818
?,1601,1601,1601,1601,1601,1601,1601,1601,1601,1601
?,228,228,228,228,228,228,228,228,228,228
?,499,499,499,499,499,499,499,499,499,499
?,1229,1229,1229,1229,1229,1229,1229,1229,1229,1229
?,1658,1658,1658,1658,1658,1658,1658,1658,1658,1658
?,1982,1982,1982,1982,1982,1982,1982,1982,1982,1982
?,754,754,754,754,754,754,754,754,754,754
?,963,963,963,963,963,963,963,963,963,963
?,2240,2240,2240,2240,2240,2240,2240,2240,2240,2240
?,1067,1067,1067,1067,1067,1067,1067,1067,1067,1067
?,2510,2510,2510,2510,2510,2510,2510,2510,2510,2510
?,2791,2791,2791,2791,2791,2791,2791,2791,2791,2791
?,1799,1799,1799,1799,1799,1799,1799,1799,1799,1799
?,2696,2696,2696,2696,2696,2696,2696,2696,2696,2696
?,2528,2528,2528,2528,2528,2528,2528,2528,2528,2528
?,505,505,505,505,505,505,505,505,505,505
?,1771,1771,1771,1771,1771,1771,1771,1771,1771,1771
?,600,600,600,600,600,600,600,600,600,600
?,2606,2606,2606,2606,2606,2606,2606,2606,2606,2606
?,89,89,89,89,89,89,89,89,89,89
?,757,757,757,757,757,757,757,757,757,757
?,581,581,581,581,581,581,581,581,581,581
?,2693,2693,2693,2693,2693,2693,2693,2693,2693,2693
?,986,986,986,986,986,986,986,986,986,986
?,700,700,700,700,700,700,700,700,700,700
?,2096,2096,2096,2096,2096,2096,2096,2096,2096,2096
?,2866,2866,2866,2866,2866,2866,2866,2866,2866,2866
?,2240,2240,2240,2240,2240,2240,2240,2240,2240,2240
?,821,821,821,821,821,821,821,821,821,821
?,1951,1951,1951,1951,1951,1951,1951,1951,1951,1951
?,1968,1968,1968,1968,1968,1968,1968,1968,1968,1968
?,1188,1188,1188,1188,1188,1188,1188,1188,1188,1188
?,1186,1186,1186,1186,1186,1186,1186,1186,1186,1186
?,2735,2735,2735,2735,2735,2735,2735,2735,2735,2735
?,410,410,410,410,410,410,410,410,410,410
?,2412,2412,2412,2412,2412,2412,2412,2412,2412,2412
?,2020,2020,2020,2020,2020,2020,2020,2020,2020,2020
?,1505,1505,1505,1505,1505,1505,1505,1505,1505,1505
?,2735,2735,2735,2735,2735,2735,2735,2735,2735,2735
?,1128,1128,1128,1128,1128,1128,1128,1128,1128,1128
?,1603,1603,1603,1603,1603,1603,1603,1603,1603,1603
?,1581,1581,1581,1581,1581,1581,1581,1581,1581,1581
?,2858,2858,2858,2858,2858,2858,2858,2858,2858,2858
?,440,440,440,440,440,440,440,440,440,440
?,1901,1901,1901,1901,1901,1901,1901,1901,1901,1901
?,1708,1708,1708,1708,1708,1708,1708,1708,1708,1708
?,1741,1741,1741,1741,1741,1741,1741,1741,1741,1741
?,607,607,607,607,607,607,607,607,607,607
?,115,115,115,115,115,115,115,115,115,115
?,1161,1161,1161,1161,1161,1161,1161,1161,1161,1161
?,1873,1873,1873,1873,1873,1873,1873,1873,1873,1873
?,493,493,493,493,493,493,493,493,493,493
?,2312,2312,2312,2312,2312,2312,2312,2312,2312,2312
?,1596,1596,1596,1596,1596,1596,1596,1596,1596,1596
?,46,46,46,46,46,46,46,46,46,46
?,2378,2378,2378,2378,2378,2378,2378,2378,2378,2378
?,1241,1241,1241,1241,1241,1241,1241,1241,1241,1241
?,140,140,140,140,140,140,140,140,140,140
?,2643,2643,2643,2643,2643,2643,2643,2643,2643,2643
?,2665,2665,2665,2665,2665,2665,2665,2665,2665,2665
?,2692,2692,2692,2692,2692,2692,2692,2692,2692,2692
?,2540,2540,2540,2540,2540,2540,2540,2540,2540,2540
?,1821,1821,1821,1821,1821,1821,1821,1821,1821,1821
?,175,175,175,175,175,175,175,175,175,175
?,1453,1453,1453,1453,1453,1453,1453,1453,1453,1453
?,571,571,571,571,571,571,571,571,571,571
?,1917,1917,1917,1917,1917,1917,1917,1917,1917,1917
?,1878,1878,1878,1878,1878,1878,1878,1878,1878,1878
?,1135,1135,1135,1135,1135,1135,1135,1135,1135,1135
?,38,38,38,38,38,38,38,38,38,38
?,649,649,649,649,649,649,649,649,649,649
?,1466,1466,1466,1466,1466,1466,1466,1466,1466,1466
?,2051,2051,2051,2051,2051,2051,2051,2051,2051,2051
?,2062,2062,2062,2062,2062,2062,2062,2062,2062,2062
?,864,864,864,864,864,864,864,864,864,864
?,1429,1429,1429,1429,1429,1429,1429,1429,1429,1429
?,2893,2893,2893,2893,2893,2893,2893,2893,2893,2893
?,2151,2151,2151,2151,2151,2151,2151,2151,2151,2151
?,1600,1600,1600,1600,1600,1600,1600,1600,1600,1600
?,2102,2102,2102,2102,2102,2102,2102,2102,2102,2102
?,258,258,258,258,258,258,258,258,258,258
?,715,715,715,715,715,715,715,715,715,715
?,2687,2687,2687,2687,2687,2687,2687,2687,2687,2687
?,621,621,621,621,621,621,621,621,621,621
?,1442,1442,1442,1442,1442,1442,1442,1442,1442,1442
?,2687,2687,2687,2687,2687,2687,2687,2687,2687,2687
?,2307,2307,2307,2307,2307,2307,2307,2307,2307,2307
?,1390,1390,1390,1390,1390,1390,1390,1390,1390,1390
?,1883,1883,1883,1883,1883,1883,1883,1883,1883,1883
?,574,574,574,574,574,574,574,574,574,574
?,1141,1141,1141,1141,1141,1141,1141,1141,1141,1141
?,2697,2697,2697,2697,2697,2697,2697,2697,2697,2697
?,1241,1241,1241,1241,1241,1241,1241,1241,1241,1241
?,1614,1614,1614,1614,1614,1614,1614,1614,1614,1614
?,280,280,280,280,280,280,280,280,280,280
?,2643,2643,2643,2643,2643,2643,2643,2643,2643,2643
?,1982,1982,1982,1982,1982,1982,1982,1982,1982,1982
?,1543,1543,1543,1543,1543,1543,1543,1543,1543,1543
?,1933,1933,1933,1933,1933,1933,1933,1933,1933,1933
?,2482,2482,2482,2482,2482,2482,2482,2482,2482,2482
?,2700,2700,2700,2700,2700,2700,2700,2700,2700,2700
?,739,739,739,739,739,739,739,739,739,739
?,2360,2360,2360,2360,2360,2360,2360,2360,2360,2360
?,2903,2903,2903,2903,2903,2903,2903,2903,2903,2903
?,2077,2077,2077,2077,2077,2077,2077,2077,2077,2077
?,2699,2699,2699,2699,2699,2699,2699,2699,2699,2699
?,2153,2153,2153,2153,2153,2153,2153,2153,2153,2153
?,1062,1062,1062,1062,1062,1062,1062,1062,1062,1062
?,531,531,531,531,531,531,531,531,531,531
?,2859,2859,2859,2859,2859,2859,2859,2859,2859,2859
?,1328,1328,1328,1328,1328,1328,1328,1328,1328,1328
?,2412,2412,2412,2412,2412,2412,2412,2412,2412,2412
?,2379,2379,2379,2379,2379,2379,2379,2379,2379,2379
?,1426,1426,1426,1426,1426,1426,1426,1426,1426,1426
?,2395,2395,2395,2395,2395,2395,2395,2395,2395,2395
?,2530,2530,2530,2530,2530,2530,2530,2530,2530,2530
?,1654,1654,1654,1654,1654,1654,1654,1654,1654,1654
?,277,277,277,277,277,277,277,277,277,277
?,185,185,185,185,185,185,185,185,185,185
?,121,121,121,121,121,121,121,121,121,121
?,652,652,652,652,652,652,652,652,652,652
?,950,950,950,950,950,950,950,950,950,950
?,396,396,396,396,396,396,396,396,396,396
?,2725,2725,2725,2725,2725,2725,2725,2725,2725,2725
?,436,436,436,436,436,436,436,436,436,436
?,2046,2046,2046,2046,2046,2046,2046,2046,2046,2046
?,2783,2783,2783,2783,2783,2783,2783,2783,2783,2783
?,1952,1952,1952,1952,1952,1952,1952,1952,1952,1952
?,1326,1326,1326,1326,1326,1326,1326,1326,1326,1326
?,949,949,949,949,949,949,949,949,949,949
?,970,970,970,970,970,970,970,970,970,970
?,432,432,432,432,432,432,432,432,432,432
?,713,713,713,713,713,713,713,713,713,713
?,1574,1574,1574,1574,1574,1574,1574,1574,1574,1574
?,1721,1721,1721,1721,1721,1721,1721,1721,1721,1721
?,264,264,264,264,264,264,264,264,264,264
?,254,254,254,254,254,254,254,254,254,254
?,2507,2507,2507,2507,2507,2507,2507,2507,2507,2507
?,1026,1026,1026,1026,1026,1026,1026,1026,1026,1026
?,469,469,469,469,469,469,469,469,469,469
?,154,154,154,154,154,154,154,154,154,154
?,299,299,299,299,299,299,299,299,299,299
?,1809,1809,1809,1809,1809,1809,1809,1809,1809,1809
?,1534,1534,1534,1534,1534,1534,1534,1534,1534,1534
?,2485,2485,2485,2485,2485,2485,2485,2485,2485,2485
?,2586,2586,2586,2586,2586,2586,2586,2586,2586,2586
?,121,121,121,121,121,121,121,121,121,121
?,713,713,713,713,713,713,713,713,713,713
?,1316,1316,1316,1316,1316,1316,1316,1316,1316,1316
?,441,441,441,441,441,441,441,441,441,441
?,2862,2862,2862,2862,2862,2862,2862,2862,2862,2862
?,1842,1842,1842,1842,1842,1842,1842,1842,1842,1842
?,1547,1547,1547,1547,1547,1547,1547,1547,1547,1547
?,546,546,546,546,546,546,546,546,546,546
?,2611,2611,2611,2611,2611,2611,2611,2611,2611,2611
?,2351,2351,2351,2351,2351,2351,2351,2351,2351,2351
?,2280,2280,2280,2280,2280,2280,2280,2280,2280,2280
?,819,819,819,819,819,819,819,819,819,819
?,802,802,802,802,802,802,802,802,802,802
?,1035,1035,1035,1035,1035,1035,1035,1035,1035,1035
?,2012,2012,2012,2012,2012,2012,2012,2012,2012,2012
?,1793,1793,1793,1793,1793,1793,1793,1793,1793,1793
?,2781,2781,2781,2781,2781,2781,2781,2781,2781,2781
?,1172,1172,1172,1172,1172,1172,1172,1172,1172,1172
?,924,924,924,924,924,924,924,924,924,924
?,825,825,825,825,825,825,825,825,825,825
?,664,664,664,664,664,664,664,664,664,664
?,1778,1778,1778,1778,1778,1778,1778,1778,1778,1778
?,2165,2165,2165,2165,2165,2165,2165,2165,2165,2165
?,788,788,788,788,788,788,788,788,788,788
?,353,353,353,353,353,353,353,353,353,353
?,2385,2385,2385,2385,2385,2385,2385,2385,2385,2385
?,100,100,100,100,100,100,100,100,100,100
?,2577,2577,2577,2577,2577,2577,2577,2577,2577,2577
?,2739,2739,2739,2739,2739,2739,2739,2739,2739,2739
?,395,395,395,395,395,395,395,395,395,395
?,834,834,834,834,834,834,834,834,834,834
?,137,137,137,137,137,137,137,137,137,137
?,576,576,576,576,576,576,576,576,576,576
?,22,22,22,22,22,22,22,22,22,22
?,1473,1473,1473,1473,1473,1473,1473,1473,1473,1473
?,1672,1672,1672,1672,1672,1672,1672,1672,1672,1672
?,2328,2328,2328,2328,2328,2328,2328,2328,2328,2328
?,2239,2239,2239,2239,2239,2239,2239,2239,2239,2239
?,295,295,295,295,295,295,295,295,295,295
?,1396,1396,1396,1396,1396,1396,1396,1396,1396,1396
?,760,760,760,760,760,760,760,760,760,760
?,2795,2795,2795,2795,2795,2795,2795,2795,2795,2795
?,2631,2631,2631,2631,2631,2631,2631,2631,2631,2631
?,2164,2164,2164,2164,2164,2164,2164,2164,2164,2164
?,2033,2033,2033,2033,2033,2033,2033,2033,2033,2033
?,779,779,779,779,779,779,779,779,779,779
?,850,850,850,850,850,850,850,850,850,850
?,2337,2337,2337,2337,2337,2337,2337,2337,2337,2337
?,1941,1941,1941,1941,1941,1941,1941,1941,1941,1941
?,2052,2052,2052,2052,2052,2052,2052,2052,2052,2052
?,1443,1443,1443,1443,1443,1443,1443,1443,1443,1443
?,1461,1461,1461,1461,1461,1461,1461,1461,1461,1461
?,2534,2534,2534,2534,2534,2534,2534,2534,2534,2534
?,2289,2289,2289,2289,2289,2289,2289,2289,2289,2289
?,565,565,565,565,565,565,565,565,565,565
?,276,276,276,276,276,276,276,276,276,276
?,1798,1798,1798,1798,1798,1798,1798,1798,1798,1798
?,1752,1752,1752,1752,1752,1752,1752,1752,1752,1752
?,2562,2562,2562,2562,2562,2562,2562,2562,2562,2562
?,1541,1541,1541,1541,1541,1541,1541,1541,1541,1541
?,291,291,291,291,291,291,291,291,291,291
?,2332,2332,2332,2332,2332,2332,2332,2332,2332,2332
?,321,321,321,321,321,321,321,321,321,321
?,521,521,521,521,521,521,521,521,521,521
?,2119,2119,2119,2119,2119,2119,2119,2119,2119,2119
?,1222,1222,1222,1222,1222,1222,1222,1222,1222,1222
?,414,414,414,414,414,414,414,414,414,414
?,484,484,484,484,484,484,484,484,484,484
?,2043,2043,2043,2043,2043,2043,2043,2043,2043,2043
?,945,945,945,945,945,945,945,945,945,945
?,211,211,211,211,211,211,211,211,211,211
?,2464,2464,2464,2464,2464,2464,2464,2464,2464,2464
?,2215,2215,2215,2215,2215,2215,2215,2215,2215,2215
?,1356,1356,1356,1356,1356,1356,1356,1356,1356,1356
?,93,93,93,93,93,93,93,93,93,93
?,918,918,918,918,918,918,918,918,918,918
?,1188,1188,1188,1188,1188,1188,1188,1188,1188,1188
?,1030,1030,1030,1030,1030,1030,1030,1030,1030,1030
?,1600,1600,1600,1600,1600,1600,1600,1600,1600,1600
?,2881,2881,2881,2881,2881,2881,2881,2881,2881,2881
?,1466,1466,1466,1466,1466,1466,1466,1466,1466,1466
?,279,279,279,279,279,279,279,279,279,279
?,647,647,647,647,647,647,647,647,647,647
?,1180,1180,1180,1180,1180,1180,1180,1180,1180,1180
?,307,307,307,307,307,307,307,307,307,307
?,2189,2189,2189,2189,2189,2189,2189,2189,2189,2189
?,2357,2357,2357,2357,2357,2357,2357,2357,2357,2357
?,989,989,989,989,989,989,989,989,989,989
?,2121,2121,2121,2121,2121,2121,2121,2121,2121,2121
?,2504,2504,2504,2504,2504,2504,2504,2504,2504,2504
?,2049,2049,2049,2049,2049,2049,2049,2049,2049,2049
?,1279,1279,1279,1279,1279,1279,1279,1279,1279,1279
?,1636,1636,1636,1636,1636,1636,1636,1636,1636,1636
?,2534,2534,2534,2534,2534,2534,2534,2534,2534,2534
?,233,233,233,233,233,233,233,233,233,233
?,2237,2237,2237,2237,2237,2237,2237,2237,2237,2237
?,2858,2858,2858,2858,2858,2858,2858,2858,2858,2858
?,455,455,455,455,455,455,455,455,455,455
?,2388,2388,2388,2388,2388,2388,2388,2388,2388,2388
?,1930,1930,1930,1930,1930,1930,1930,1930,1930,1930
?,1078,1078,1078,1078,1078,1078,1078,1078,1078,1078
?,2676,2676,2676,2676,2676,2676,2676,2676,2676,2676
?,123,123,123,123,123,123,123,123,123,123
?,133,133,133,133,133,133,133,133,133,133
?,1385,1385,1385,1385,1385,1385,1385,1385,1385,1385
?,1727,1727,1727,1727,1727,1727,1727,1727,1727,1727
?,1069,1069,1069,1069,1069,1069,1069,1069,1069,1069
?,822,822,822,822,822,822,822,822,822,822
?,1371,1371,1371,1371,1371,1371,1371,1371,1371,1371
?,244,244,244,244,244,244,244,244,244,244
?,571,571,571,571,571,571,571,571,571,571
?,837,837,837,837,837,837,837,837,837,837
?,2241,2241,2241,2241,2241,2241,2241,2241,2241,2241
?,1351,1351,1351,1351,1351,1351,1351,1351,1351,1351
?,2718,2718,2718,2718,2718,2718,2718,2718,2718,2718
?,256,256,256,256,256,256,256,256,256,256
?,966,966,966,966,966,966,966,966,966,966
?,2022,2022,2022,2022,2022,2022,2022,2022,2022,2022
?,299,299,299,299,299,299,299,299,299,299
?,2310,2310,2310,2310,2310,2310,2310,2310,2310,2310
?,2499,2499,2499,2499,2499,2499,2499,2499,2499,2499
?,2880,2880,2880,2880,2880,2880,2880,2880,2880,2880
?,145,145,145,145,145,145,145,145,145,145
?,1417,1417,1417,1417,1417,1417,1417,1417,1417,1417
?,290,290,290,290,290,290,290,290,290,290
?,1705,1705,1705,1705,1705,1705,1705,1705,1705,1705
?,2451,2451,2451,2451,2451,2451,2451,2451,2451,2451
?,2509,2509,2509,2509,2509,2509,2509,2509,2509,2509
?,331,331,331,331,331,331,331,331,331,331
?,2259,2259,2259,2259,2259,2259,2259,2259,2259,2259
?,1962,1962,1962,1962,1962,1962,1962,1962,1962,1962
?,531,531,531,531,531,531,531,531,531,531
?,1109,1109,1109,1109,1109,1109,1109,1109,1109,1109
?,171,171,171,171,171,171,171,171,171,171
?,427,427,427,427,427,427,427,427,427,427
?,146,146,146,146,146,146,146,146,146,146
?,2035,2035,2035,2035,2035,2035,2035,2035,2035,2035
?,2080,2080,2080,2080,2080,2080,2080,2080,2080,2080
?,923,923,923,923,923,923,923,923,923,923
?,2664,2664,2664,2664,2664,2664,2664,2664,2664,2664
?,1435,1435,1435,1435,1435,1435,1435,1435,1435,1435
?,1768,1768,1768,1768,1768,1768,1768,1768,1768,1768
?,1957,1957,1957,1957,1957,1957,1957,1957,1957,1957
?,1243,1243,1243,1243,1243,1243,1243,1243,1243,1243
?,933,933,933,933,933,933,933,933,933,933
?,88,88,88,88,88,88,88,88,88,88
?,227,227,227,227,227,227,227,227,227,227
?,108,108,108,108,108,108,108,108,108,108
?,804,804,804,804,804,804,804,804,804,804
?,2189,2189,2189,2189,2189,2189,2189,2189,2189,2189
?,2491,2491,2491,2491,2491,2491,2491,2491,2491,2491
?,1554,1554,1554,1554,1554,1554,1554,1554,1554,1554
?,2794,2794,2794,2794,2794,2794,2794,2794,2794,2794
?,2801,2801,2801,2801,2801,2801,2801,2801,2801,2801
?,75,75,75,75,75,75,75,75,75,75
?,2264,2264,2264,2264,2264,2264,2264,2264,2264,2264
?,1975,1975,1975,1975,1975,1975,1975,1975,1975,1975
?,214,214,214,214,214,214,214,214,214,214
?,1586,1586,1586,1586,1586,1586,1586,1586,1586,1586
?,1546,1546,1546,1546,1546,1546,1546,1546,1546,1546
?,2849,2849,2849,2849,2849,2849,2849,2849,2849,2849
?,513,513,513,513,513,513,513,513,513,513
?,1761,1761,1761,1761,1761,1761,1761,1761,1761,1761
?,2873,2873,2873,2873,2873,2873,2873,2873,2873,2873
?,1749,1749,1749,1749,1749,1749,1749,1749,1749,1749
?,2251,2251,2251,2251,2251,2251,2251,2251,2251,2251
?,565,565,565,565,565,565,565,565,565,565
?,474,474,474,474,474,474,474,474,474,474
?,1794,1794,1794,1794,1794,1794,1794,1794,1794,1794
?,484,484,484,484,484,484,484,484,484,484
?,2522,2522,2522,2522,2522,2522,2522,2522,2522,2522
?,1507,1507,1507,1507,1507,1507,1507,1507,1507,1507
?,1441,1441,1441,1441,1441,1441,1441,1441,1441,1441
?,794,794,794,794,794,794,794,794,794,794
?,1406,1406,1406,1406,1406,1406,1406,1406,1406,1406
?,1789,1789,1789,1789,1789,1789,1789,1789,1789,1789
?,238,238,238,238,238,238,238,238,238,238
?,976,976,976,976,976,976,976,976,976,976
?,951,951,951,951,951,951,951,951,951,951
?,377,377,377,377,377,377,377,377,377,377
?,2411,2411,2411,2411,2411,2411,2411,2411,2411,2411
?,42,42,42,42,42,42,42,42,42,42
?,931,931,931,931,931,931,931,931,931,931
?,1692,1692,1692,1692,1692,1692,1692,1692,1692,1692
?,2197,2197,2197,2197,2197,2197,2197,2197,2197,2197
?,2327,2327,2327,2327,2327,2327,2327,2327,2327,2327
?,188,188,188,188,188,188,188,188,188,188
?,62,62,62,62,62,62,62,62,62,62
?,1024,1024,1024,1024,1024,1024,1024,1024,1024,1024
?,233,233,233,233,233,233,233,233,233,233
?,314,314,314,314,314,314,314,314,314,314
?,233,233,233,233,233,233,233,233,233,233
?,520,520,520,520,520,520,520,520,520,520
?,1797,1797,1797,1797,1797,1797,1797,1797,1797,1797
?,740,740,740,740,740,740,740,740,740,740
?,1158,1158,1158,1158,1158,1158,1158,1158,1158,1158
?,180,180,180,180,180,180,180,180,180,180
?,1287,1287,1287,1287,1287,1287,1287,1287,1287,1287
?,1433,1433,1433,1433,1433,1433,1433,1433,1433,1433
?,2468,2468,2468,2468,2468,2468,2468,2468,2468,2468
?,2684,2684,2684,2684,2684,2684,2684,2684,2684,2684
?,1001,1001,1001,1001,1001,1001,1001,1001,1001,1001
?,1198,1198,1198,1198,1198,1198,1198,1198,1198,1198
?,532,532,532,532,532,532,532,532,532,532
?,2483,2483,2483,2483,2483,2483,2483,2483,2483,2483
?,1630,1630,1630,1630,1630,1630,1630,1630,1630,1630
?,1961,1961,1961,1961,1961,1961,1961,1961,1961,1961
?,2694,2694,2694,2694,2694,2694,2694,2694,2694,2694
?,502,502,502,502,502,502,502,502,502,502
?,2690,2690,2690,2690,2690,2690,2690,2690,2690,2690
?,315,315,315,315,315,315,315,315,315,315
?,313,313,313,313,313,313,313,313,313,313
?,1025,1025,1025,1025,1025,1025,1025,1025,1025,1025
?,2227,2227,2227,2227,2227,2227,2227,2227,2227,2227
?,844,844,844,844,844,844,844,844,844,844
?,2028,2028,2028,2028,2028,2028,2028,2028,2028,2028
?,2889,2889,2889,2889,2889,2889,2889,2889,2889,2889
?,1463,1463,1463,1463,1463,1463,1463,1463,1463,1463
?,903,903,903,903,903,903,903,903,903,903
?,1817,1817,1817,1817,1817,1817,1817,1817,1817,1817
?,1240,1240,1240,1240,1240,1240,1240,1240,1240,1240
?,1503,1503,1503,1503,1503,1503,1503,1503,1503,1503
?,2259,2259,2259,2259,2259,2259,2259,2259,2259,2259
?,1199,1199,1199,1199,1199,1199,1199,1199,1199,1199
?,2678,2678,2678,2678,2678,2678,2678,2678,2678,2678
?,1001,1001,1001,1001,1001,1001,1001,1001,1001,1001
?,2158,2158,2158,2158,2158,2158,2158,2158,2158,2158
?,1096,1096,1096,1096,1096,1096,1096,1096,1096,1096
?,1307,1307,1307,1307,1307,1307,1307,1307,1307,1307
?,2859,2859,2859,2859,2859,2859,2859,2859,2859,2859
?,2218,2218,2218,2218,2218,2218,2218,2218,2218,2218
?,2063,2063,2063,2063,2063,2063,2063,2063,2063,2063
?,428,428,428,428,428,428,428,428,428,428
?,222,222,222,222,222,222,222,222,222,222
?,1420,1420,1420,1420,1420,1420,1420,1420,1420,1420
?,1683,1683,1683,1683,1683,1683,1683,1683,1683,1683
?,2890,2890,2890,2890,2890,2890,2890,2890,2890,2890
?,2548,2548,2548,2548,2548,2548,2548,2548,2548,2548
?,1992,1992,1992,1992,1992,1992,1992,1992,1992,1992
?,1146,1146,1146,1146,1146,1146,1146,1146,1146,1146
?,322,322,322,322,322,322,322,322,322,322
?,834,834,834,834,834,834,834,834,834,834
?,562,562,562,562,562,562,562,562,562,562
?,2134,2134,2134,2134,2134,2134,2134,2134,2134,2134
?,945,945,945,945,945,945,945,945,945,945
?,1250,1250,1250,1250,1250,1250,1250,1250,1250,1250
?,2265,2265,2265,2265,2265,2265,2265,2265,2265,2265
?,864,864,864,864,864,864,864,864,864,864
?,503,503,503,503,503,503,503,503,503,503
?,1526,1526,1526,1526,1526,1526,1526,1526,1526,1526
?,582,582,582,582,582,582,582,582,582,582
?,147,147,147,147,147,147,147,147,147,147
?,963,963,963,963,963,963,963,963,963,963
?,2861,2861,2861,2861,2861,2861,2861,2861,2861,2861
?,1804,1804,1804,1804,1804,1804,1804,1804,1804,1804
?,2663,2663,2663,2663,2663,2663,2663,2663,2663,2663
?,1859,1859,1859,1859,1859,1859,1859,1859,1859,1859
?,468,468,468,468,468,468,468,468,468,468
?,88,88,88,88,88,88,88,88,88,88
?,2044,2044,2044,2044,2044,2044,2044,2044,2044,2044
?,139,139,139,139,139,139,139,139,139,139
?,1108,1108,1108,1108,1108,1108,1108,1108,1108,1108
?,1139,1139,1139,1139,1139,1139,1139,1139,1139,1139
?,2410,2410,2410,2410,2410,2410,2410,2410,2410,2410
?,1574,1574,1574,1574,1574,1574,1574,1574,1574,1574
?,1231,1231,1231,1231,1231,1231,1231,1231,1231,1231
?,347,347,347,347,347,347,347,347,347,347
?,245,245,245,245,245,245,245,245,245,245
?,1144,1144,1144,1144,1144,1144,1144,1144,1144,1144
?,2498,2498,2498,2498,2498,2498,2498,2498,2498,2498
?,1573,1573,1573,1573,1573,1573,1573,1573,1573,1573
?,2029,2029,2029,2029,2029,2029,2029,2029,2029,2029
?,78,78,78,78,78,78,78,78,78,78
?,1568,1568,1568,1568,1568,1568,1568,1568,1568,1568
?,1576,1576,1576,1576,1576,1576,1576,1576,1576,1576
?,1819,1819,1819,1819,1819,1819,1819,1819,1819,1819
?,182,182,182,182,182,182,182,182,182,182
?,920,920,920,920,920,920,920,920,920,920
?,843,843,843,843,843,843,843,843,843,843
?,1554,1554,1554,1554,1554,1554,1554,1554,1554,1554
?,756,756,756,756,756,756,756,756,756,756
?,2704,2704,2704,2704,2704,2704,2704,2704,2704,2704
?,1766,1766,1766,1766,1766,1766,1766,1766,1766,1766
?,2182,2182,2182,2182,2182,2182,2182,2182,2182,2182
?,215,215,215,215,215,215,215,215,215,215
?,2706,2706,2706,2706,2706,2706,2706,2706,2706,2706
?,1250,1250,1250,1250,1250,1250,1250,1250,1250,1250
?,129,129,129,129,129,129,129,129,129,129
?,2219,2219,2219,2219,2219,2219,2219,2219,2219,2219
?,1425,1425,1425,1425,1425,1425,1425,1425,1425,1425
?,107,107,107,107,107,107,107,107,107,107
?,2494,2494,2494,2494,2494,2494,2494,2494,2494,2494
?,1378,1378,1378,1378,1378,1378,1378,1378,1378,1378
?,1076,1076,1076,1076,1076,1076,1076,1076,1076,1076
?,2421,2421,2421,2421,2421,2421,2421,2421,2421,2421
?,887,887,887,887,887,887,887,887,887,887
?,113,113,113,113,113,113,113,113,113,113
?,1397,1397,1397,1397,1397,1397,1397,1397,1397,1397
?,2546,2546,2546,2546,2546,2546,2546,2546,2546,2546
?,1778,1778,1778,1778,1778,1778,1778,1778,1778,1778
?,1752,1752,1752,1752,1752,1752,1752,1752,1752,1752
?,234,234,234,234,234,234,234,234,234,234
?,448,448,448,448,448,448,448,448,448,448
?,2267,2267,2267,2267,2267,2267,2267,2267,2267,2267
?,1590,1590,1590,1590,1590,1590,1590,1590,1590,1590
?,2777,2777,2777,2777,2777,2777,2777,2777,2777,2777
?,1178,1178,1178,1178,1178,1178,1178,1178,1178,1178
?,2191,2191,2191,2191,2191,2191,2191,2191,2191,2191
?,1899,1899,1899,1899,1899,1899,1899,1899,1899,1899
?,1737,1737,1737,1737,1737,1737,1737,1737,1737,1737
?,2346,2346,2346,2346,2346,2346,2346,2346,2346,2346
?,2328,2328,2328,2328,2328,2328,2328,2328,2328,2328
?,2126,2126,2126,2126,2126,2126,2126,2126,2126,2126
?,1066,1066,1066,1066,1066,1066,1066,1066,1066,1066
?,666,666,666,666,666,666,666,666,666,666
?,1562,1562,1562,1562,1562,1562,1562,1562,1562,1562
?,1915,1915,1915,1915,1915,1915,1915,1915,1915,1915
?,976,976,976,976,976,976,976,976,976,976
?,541,541,541,541,541,541,541,541,541,541
?,63,63,63,63,63,63,63,63,63,63
?,1150,1150,1150,1150,1150,1150,1150,1150,1150,1150
?,2796,2796,2796,2796,2796,2796,2796,2796,2796,2796
?,1124,1124,1124,1124,1124,1124,1124,1124,1124,1124
?,351,351,351,351,351,351,351,351,351,351
?,1024,1024,1024,1024,1024,1024,1024,1024,1024,1024
?,2224,2224,2224,2224,2224,2224,2224,2224,2224,2224
?,1212,1212,1212,1212,1212,1212,1212,1212,1212,1212
?,1383,1383,1383,1383,1383,1383,1383,1383,1383,1383
?,2340,2340,2340,2340,2340,2340,2340,2340,2340,2340
?,1617,1617,1617,1617,1617,1617,1617,1617,1617,1617
?,159,159,159,159,159,159,159,159,159,159
?,2522,2522,2522,2522,2522,2522,2522,2522,2522,2522
?,1124,1124,1124,1124,1124,1124,1124,1124,1124,1124
?,1482,1482,1482,1482,1482,1482,1482,1482,1482,1482
?,1101,1101,1101,1101,1101,1101,1101,1101,1101,1101
?,2701,2701,2701,2701,2701,2701,2701,2701,2701,2701
?,1027,1027,1027,1027,1027,1027,1027,1027,1027,1027
?,2675,2675,2675,2675,2675,2675,2675,2675,2675,2675
?,2491,2491,2491,2491,2491,2491,2491,2491,2491,2491
?,51,51,51,51,51,51,51,51,51,51
?,510,510,510,510,510,510,510,510,510,510
?,1258,1258,1258,1258,1258,1258,1258,1258,1258,1258
?,2329,2329,2329,2329,2329,2329,2329,2329,2329,2329
?,2707,2707,2707,2707,2707,2707,2707,2707,2707,2707
?,1315,1315,1315,1315,1315,1315,1315,1315,1315,1315
?,1084,1084,1084,1084,1084,1084,1084,1084,1084,1084
?,733,733,733,733,733,733,733,733,733,733
?,1818,1818,1818,1818,1818,1818,1818,1818,1818,1818
?,1896,1896,1896,1896,1896,1896,1896,1896,1896,1896
?,71,71,71,71,71,71,71,71,71,71
?,1802,1802,1802,1802,1802,1802,1802,1802,1802,1802
?,37,37,37,37,37,37,37,37,37,37
?,1911,1911,1911,1911,1911,1911,1911,1911,1911,1911
?,152,152,152,152,152,152,152,152,152,152
?,1470,1470,1470,1470,1470,1470,1470,1470,1470,1470
?,1967,1967,1967,1967,1967,1967,1967,1967,1967,1967
?,2613,2613,2613,2613,2613,2613,2613,2613,2613,2613
?,2280,2280,2280,2280,2280,2280,2280,2280,2280,2280
?,893,893,893,893,893,893,893,893,893,893
?,1674,1674,1674,1674,1674,1674,1674,1674,1674,1674
?,240,240,240,240,240,240,240,240,240,240
?,2374,2374,2374,2374,2374,2374,2374,2374,2374,2374
?,326,326,326,326,326,326,326,326,326,326
?,1133,1133,1133,1133,1133,1133,1133,1133,1133,1133
?,2500,2500,2500,2500,2500,2500,2500,2500,2500,2500
?,2259,2259,2259,2259,2259,2259,2259,2259,2259,2259
?,1287,1287,1287,1287,1287,1287,1287,1287,1287,1287
?,263,263,263,263,263,263,263,263,263,263
?,1805,1805,1805,1805,1805,1805,1805,1805,1805,1805
?,737,737,737,737,737,737,737,737,737,737
?,1057,1057,1057,1057,1057,1057,1057,1057,1057,1057
?,1132,1132,1132,1132,1132,1132,1132,1132,1132,1132
?,1064,1064,1064,1064,1064,1064,1064,1064,1064,1064
?,2028,2028,2028,2028,2028,2028,2028,2028,2028,2028
?,522,522,522,522,522,522,522,522,522,522
?,932,932,932,932,932,932,932,932,932,932
?,2582,2582,2582,2582,2582,2582,2582,2582,2582,2582
?,715,715,715,715,715,715,715,715,715,715
?,602,602,602,602,602,602,602,602,602,602
?,2532,2532,2532,2532,2532,2532,2532,2532,2532,2532
?,2687,2687,2687,2687,2687,2687,2687,2687,2687,2687
?,204,204,204,204,204,204,204,204,204,204
?,954,954,954,954,954,954,954,954,954,954
?,469,469,469,469,469,469,469,469,469,469
?,2682,2682,2682,2682,2682,2682,2682,2682,2682,2682
?,158,158,158,158,158,158,158,158,158,158
?,755,755,755,755,755,755,755,755,755,755
?,2804,2804,2804,2804,2804,2804,2804,2804,2804,2804
?,2076,2076,2076,2076,2076,2076,2076,2076,2076,2076
?,1804,1804,1804,1804,1804,1804,1804,1804,1804,1804
?,2376,2376,2376,2376,2376,2376,2376,2376,2376,2376
?,1300,1300,1300,1300,1300,1300,1300,1300,1300,1300
?,172,172,172,172,172,172,172,172,172,172
?,2267,2267,2267,2267,2267,2267,2267,2267,2267,2267
?,934,934,934,934,934,934,934,934,934,934
?,250,250,250,250,250,250,250,250,250,250
?,1062,1062,1062,1062,1062,1062,1062,1062,1062,1062
?,1055,1055,1055,1055,1055,1055,1055,1055,1055,1055
?,67,67,67,67,67,67,67,67,67,67
?,2779,2779,2779,2779,2779,2779,2779,2779,2779,2779
?,1448,1448,1448,1448,1448,1448,1448,1448,1448,1448
?,2214,2214,2214,2214,2214,2214,2214,2214,2214,2214
?,184,184,184,184,184,184,184,184,184,184
?,2460,2460,2460,2460,2460,2460,2460,2460,2460,2460
?,962,962,962,962,962,962,962,962,962,962
?,1433,1433,1433,1433,1433,1433,1433,1433,1433,1433
?,448,448,448,448,448,448,448,448,448,448
?,318,318,318,318,318,318,318,318,318,318
?,2077,2077,2077,2077,2077,2077,2077,2077,2077,2077
?,1818,1818,1818,1818,1818,1818,1818,1818,1818,1818
?,464,464,464,464,464,464,464,464,464,464
?,2094,2094,2094,2094,2094,2094,2094,2094,2094,2094
?,318,318,318,318,318,318,318,318,318,318
?,971,971,971,971,971,971,971,971,971,971
?,836,836,836,836,836,836,836,836,836,836
?,1335,1335,1335,1335,1335,1335,1335,1335,1335,1335
?,2337,2337,2337,2337,2337,2337,2337,2337,2337,2337
?,1522,1522,1522,1522,1522,1522,1522,1522,1522,1522
?,2790,2790,2790,2790,2790,2790,2790,2790,2790,2790
?,1704,1704,1704,1704,1704,1704,1704,1704,1704,1704
?,293,293,293,293,293,293,293,293,293,293
?,2630,2630,2630,2630,2630,2630,2630,2630,2630,2630
?,1747,1747,1747,1747,1747,1747,1747,1747,1747,1747
?,1160,1160,1160,1160,1160,1160,1160,1160,1160,1160
?,587,587,587,587,587,587,587,587,587,587
?,102,102,102,102,102,102,102,102,102,102
?,1338,1338,1338,1338,1338,1338,1338,1338,1338,1338
?,2487,2487,2487,2487,2487,2487,2487,2487,2487,2487
?,1476,1476,1476,1476,1476,1476,1476,1476,1476,1476
?,1373,1373,1373,1373,1373,1373,1373,1373,1373,1373
?,1672,1672,1672,1672,1672,1672,1672,1672,1672,1672
?,2671,2671,2671,2671,2671,2671,2671,2671,2671,2671
?,1535,1535,1535,1535,1535,1535,1535,1535,1535,1535
?,1928,1928,1928,1928,1928,1928,1928,1928,1928,1928
?,1205,1205,1205,1205,1205,1205,1205,1205,1205,1205
?,2548,2548,2548,2548,2548,2548,2548,2548,2548,2548
?,128,128,128,128,128,128,128,128,128,128
?,657,657,657,657,657,657,657,657,657,657
?,1509,1509,1509,1509,1509,1509,1509,1509,1509,1509
?,183,183,183,183,183,183,183,183,183,183
?,1192,1192,1192,1192,1192,1192,1192,1192,1192,1192
?,615,615,615,615,615,615,615,615,615,615
?,2422,2422,2422,2422,2422,2422,2422,2422,2422,2422
?,105,105,105,105,105,105,105,105,105,105
?,436,436,436,436,436,436,436,436,436,436
?,2495,2495,2495,2495,2495,2495,2495,2495,2495,2495
?,867,867,867,867,867,867,867,867,867,867
?,1283,1283,1283,1283,1283,1283,1283,1283,1283,1283
?,2093,2093,2093,2093,2093,2093,2093,2093,2093,2093
?,2082,2082,2082,2082,2082,2082,2082,2082,2082,2082
?,2382,2382,2382,2382,2382,2382,2382,2382,2382,2382
?,1410,1410,1410,1410,1410,1410,1410,1410,1410,1410
?,881,881,881,881,881,881,881,881,881,881
?,1552,1552,1552,1552,1552,1552,1552,1552,1552,1552
?,2387,2387,2387,2387,2387,2387,2387,2387,2387,2387
?,134,134,134,134,134,134,134,134,134,134
?,2692,2692,2692,2692,2692,2692,2692,2692,2692,2692
?,615,615,615,615,615,615,615,615,615,615
?,1561,1561,1561,1561,1561,1561,1561,1561,1561,1561
?,2660,2660,2660,2660,2660,2660,2660,2660,2660,2660
?,322,322,322,322,322,322,322,322,322,322
?,317,317,317,317,317,317,317,317,317,317
?,920,920,920,920,920,920,920,920,920,920
?,2316,2316,2316,2316,2316,2316,2316,2316,2316,2316
?,2063,2063,2063,2063,2063,2063,2063,2063,2063,2063
?,2353,2353,2353,2353,2353,2353,2353,2353,2353,2353
?,2582,2582,2582,2582,2582,2582,2582,2582,2582,2582
?,2246,2246,2246,2246,2246,2246,2246,2246,2246,2246
?,1713,1713,1713,1713,1713,1713,1713,1713,1713,1713
?,2208,2208,2208,2208,2208,2208,2208,2208,2208,2208
?,497,497,497,497,497,497,497,497,497,497
?,2162,2162,2162,2162,2162,2162,2162,2162,2162,2162
?,211,211,211,211,211,211,211,211,211,211
?,2487,2487,2487,2487,2487,2487,2487,2487,2487,2487
?,1935,1935,1935,1935,1935,1935,1935,1935,1935,1935
?,2701,2701,2701,2701,2701,2701,2701,2701,2701,2701
?,2149,2149,2149,2149,2149,2149,2149,2149,2149,2149
?,2132,2132,2132,2132,2132,2132,2132,2132,2132,2132
?,1807,1807,1807,1807,1807,1807,1807,1807,1807,1807
?,1299,1299,1299,1299,1299,1299,1299,1299,1299,1299
?,1103,1103,1103,1103,1103,1103,1103,1103,1103,1103
?,799,799,799,799,799,799,799,799,799,799
?,2357,2357,2357,2357,2357,2357,2357,2357,2357,2357
?,1201,1201,1201,1201,1201,1201,1201,1201,1201,1201
?,1000,1000,1000,1000,1000,1000,1000,1000,1000,1000
?,1347,1347,1347,1347,1347,1347,1347,1347,1347,1347
?,996,996,996,996,996,996,996,996,996,996
?,1483,1483,1483,1483,1483,1483,1483,1483,1483,1483
?,946,946,946,946,946,946,946,946,946,946
?,1868,1868,1868,1868,1868,1868,1868,1868,1868,1868
?,1290,1290,1290,1290,1290,1290,1290,1290,1290,1290
?,473,473,473,473,473,473,473,473,473,473
?,2839,2839,2839,2839,2839,2839,2839,2839,2839,2839
?,988,988,988,988,988,988,988,988,988,988
?,1823,1823,1823,1823,1823,1823,1823,1823,1823,1823
?,1680,1680,1680,1680,1680,1680,1680,1680,1680,1680
?,1483,1483,1483,1483,1483,1483,1483,1483,1483,1483
?,327,327,327,327,327,327,327,327,327,327
?,1442,1442,1442,1442,1442,1442,1442,1442,1442,1442
?,2296,2296,2296,2296,2296,2296,2296,2296,2296,2296
?,2072,2072,2072,2072,2072,2072,2072,2072,2072,2072
?,314,314,314,314,314,314,314,314,314,314
?,1484,1484,1484,1484,1484,1484,1484,1484,1484,1484
?,2677,2677,2677,2677,2677,2677,2677,2677,2677,2677
?,1984,1984,1984,1984,1984,1984,1984,1984,1984,1984
?,2479,2479,2479,2479,2479,2479,2479,2479,2479,2479
?,944,944,944,944,944,944,944,944,944,944
?,1839,1839,1839,1839,1839,1839,1839,1839,1839,1839
?,1716,1716,1716,1716,1716,1716,1716,1716,1716,1716
?,942,942,942,942,942,942,942,942,942,942
?,2333,2333,2333,2333,2333,2333,2333,2333,2333,2333
?,514,514,514,514,514,514,514,514,514,514
?,2203,2203,2203,2203,2203,2203,2203,2203,2203,2203
?,1004,1004,1004,1004,1004,1004,1004,1004,1004,1004
?,1670,1670,1670,1670,1670,1670,1670,1670,1670,1670
?,2762,2762,2762,2762,2762,2762,2762,2762,2762,2762
?,2396,2396,2396,2396,2396,2396,2396,2396,2396,2396
?,2728,2728,2728,2728,2728,2728,2728,2728,2728,2728
?,566,566,566,566,566,566,566,566,566,566
?,2481,2481,2481,2481,2481,2481,2481,2481,2481,2481
?,1067,1067,1067,1067,1067,1067,1067,1067,1067,1067
?,1176,1176,1176,1176,1176,1176,1176,1176,1176,1176
?,1400,1400,1400,1400,1400,1400,1400,1400,1400,1400
?,1286,1286,1286,1286,1286,1286,1286,1286,1286,1286
?,484,484,484,484,484,484,484,484,484,484
?,334,334,334,334,334,334,334,334,334,334
?,1674,1674,1674,1674,1674,1674,1674,1674,1674,1674
?,1725,1725,1725,1725,1725,1725,1725,1725,1725,1725
?,2069,2069,2069,2069,2069,2069,2069,2069,2069,2069
?,608,608,608,608,608,608,608,608,608,608
?,2360,2360,2360,2360,2360,2360,2360,2360,2360,2360
?,2025,2025,2025,2025,2025,2025,2025,2025,2025,2025
?,2592,2592,2592,2592,2592,2592,2592,2592,2592,2592
?,812,812,812,812,812,812,812,812,812,812
?,737,737,737,737,737,737,737,737,737,737
?,1860,1860,1860,1860,1860,1860,1860,1860,1860,1860
?,64,64,64,64,64,64,64,64,64,64
?,684,684,684,684,684,684,684,684,684,684
?,495,495,495,495,495,495,495,495,495,495
?,1715,1715,1715,1715,1715,1715,1715,1715,1715,1715
?,1079,1079,1079,1079,1079,1079,1079,1079,1079,1079
?,2272,2272,2272,2272,2272,2272,2272,2272,2272,2272
?,2914,2914,2914,2914,2914,2914,2914,2914,2914,2914
?,1925,1925,1925,1925,1925,1925,1925,1925,1925,1925
?,414,414,414,414,414,414,414,414,414,414
?,518,518,518,518,518,518,518,518,518,518
?,140,140,140,140,140,140,140,140,140,140
?,1768,1768,1768,1768,1768,1768,1768,1768,1768,1768
?,99,99,99,99,99,99,99,99,99,99
?,2827,2827,2827,2827,2827,2827,2827,2827,2827,2827
?,684,684,684,684,684,684,684,684,684,684
?,300,300,300,300,300,300,300,300,300,300
?,543,543,543,543,543,543,543,543,543,543
?,2110,2110,2110,2110,2110,2110,2110,2110,2110,2110
?,2169,2169,2169,2169,2169,2169,2169,2169,2169,2169
?,1590,1590,1590,1590,1590,1590,1590,1590,1590,1590
?,1730,1730,1730,1730,1730,1730,1730,1730,1730,1730
?,1452,1452,1452,1452,1452,1452,1452,1452,1452,1452
?,523,523,523,523,523,523,523,523,523,523
?,1648,1648,1648,1648,1648,1648,1648,1648,1648,1648
?,2855,2855,2855,2855,2855,2855,2855,2855,2855,2855
?,2282,2282,2282,2282,2282,2282,2282,2282,2282,2282
?,989,989,989,989,989,989,989,989,989,989
?,1202,1202,1202,1202,1202,1202,1202,1202,1202,1202
?,488,488,488,488,488,488,488,488,488,488
?,1380,1380,1380,1380,1380,1380,1380,1380,1380,1380
?,1379,1379,1379,1379,1379,1379,1379,1379,1379,1379
?,2423,2423,2423,2423,2423,2423,2423,2423,2423,2423
?,2494,2494,2494,2494,2494,2494,2494,2494,2494,2494
?,2526,2526,2526,2526,2526,2526,2526,2526,2526,2526
?,442,442,442,442,442,442,442,442,442,442
?,186,186,186,186,186,186,186,186,186,186
?,303,303,303,303,303,303,303,303,303,303
?,1454,1454,1454,1454,1454,1454,1454,1454,1454,1454
?,1839,1839,1839,1839,1839,1839,1839,1839,1839,1839
?,1675,1675,1675,1675,1675,1675,1675,1675,1675,1675
?,2584,2584,2584,2584,2584,2584,2584,2584,2584,2584
?,1843,1843,1843,1843,1843,1843,1843,1843,1843,1843
?,1785,1785,1785,1785,1785,1785,1785,1785,1785,1785
?,1185,1185,1185,1185,1185,1185,1185,1185,1185,1185
?,1955,1955,1955,1955,1955,1955,1955,1955,1955,1955
?,2868,2868,2868,2868,2868,2868,2868,2868,2868,2868
?,552,552,552,552,552,552,552,552,552,552
?,752,752,752,752,752,752,752,752,752,752
?,2415,2415,2415,2415,2415,2415,2415,2415,2415,2415
?,2087,2087,2087,2087,2087,2087,2087,2087,2087,2087
?,344,344,344,344,344,344,344,344,344,344
?,624,624,624,624,624,624,624,624,624,624
?,32,32,32,32,32,32,32,32,32,32
?,2432,2432,2432,2432,2432,2432,2432,2432,2432,2432
?,2430,2430,2430,2430,2430,2430,2430,2430,2430,2430
?,1516,1516,1516,1516,1516,1516,1516,1516,1516,1516
?,2761,2761,2761,2761,2761,2761,2761,2761,2761,2761
?,2660,2660,2660,2660,2660,2660,2660,2660,2660,2660
?,1858,1858,1858,1858,1858,1858,1858,1858,1858,1858
?,1554,1554,1554,1554,1554,1554,1554,1554,1554,1554
?,1313,1313,1313,1313,1313,1313,1313,1313,1313,1313
?,1797,1797,1797,1797,1797,1797,1797,1797,1797,1797
?,724,724,724,724,724,724,724,724,724,724
?,2084,2084,2084,2084,2084,2084,2084,2084,2084,2084
?,2409,2409,2409,2409,2409,2409,2409,2409,2409,2409
?,1145,1145,1145,1145,1145,1145,1145,1145,1145,1145
?,397,397,397,397,397,397,397,397,397,397
?,952,952,952,952,952,952,952,952,952,952
?,1218,1218,1218,1218,1218,1218,1218,1218,1218,1218
?,2021,2021,2021,2021,2021,2021,2021,2021,2021,2021
?,1398,1398,1398,1398,1398,1398,1398,1398,1398,1398
?,198,198,198,198,198,198,198,198,198,198
?,2311,2311,2311,2311,2311,2311,2311,2311,2311,2311
?,2121,2121,2121,2121,2121,2121,2121,2121,2121,2121
?,2152,2152,2152,2152,2152,2152,2152,2152,2152,2152
?,2375,2375,2375,2375,2375,2375,2375,2375,2375,2375
?,2082,2082,2082,2082,2082,2082,2082,2082,2082,2082
?,1748,1748,1748,1748,1748,1748,1748,1748,1748,1748
?,1169,1169,1169,1169,1169,1169,1169,1169,1169,1169
?,1323,1323,1323,1323,1323,1323,1323,1323,1323,1323
?,1574,1574,1574,1574,1574,1574,1574,1574,1574,1574
?,1305,1305,1305,1305,1305,1305,1305,1305,1305,1305
?,731,731,731,731,731,731,731,731,731,731
?,587,587,587,587,587,587,587,587,587,587
?,172,172,172,172,172,172,172,172,172,172
?,863,863,863,863,863,863,863,863,863,863
?,1764,1764,1764,1764,1764,1764,1764,1764,1764,1764
?,2127,2127,2127,2127,2127,2127,2127,2127,2127,2127
?,1140,1140,1140,1140,1140,1140,1140,1140,1140,1140
?,2356,2356,2356,2356,2356,2356,2356,2356,2356,2356
?,2521,2521,2521,2521,2521,2521,2521,2521,2521,2521
?,1288,1288,1288,1288,1288,1288,1288,1288,1288,1288
?,408,408,408,408,408,408,408,408,408,408
?,1423,1423,1423,1423,1423,1423,1423,1423,1423,1423
?,1167,1167,1167,1167,1167,1167,1167,1167,1167,1167
?,679,679,679,679,679,679,679,679,679,679
?,486,486,486,486,486,486,486,486,486,486
?,1180,1180,1180,1180,1180,1180,1180,1180,1180,1180
?,1122,1122,1122,1122,1122,1122,1122,1122,1122,1122
?,1994,1994,1994,1994,1994,1994,1994,1994,1994,1994
?,1798,1798,1798,1798,1798,1798,1798,1798,1798,1798
?,917,917,917,917,917,917,917,917,917,917
?,694,694,694,694,694,694,694,694,694,694
?,1182,1182,1182,1182,1182,1182,1182,1182,1182,1182
?,1063,1063,1063,1063,1063,1063,1063,1063,1063,1063
?,2483,2483,2483,2483,2483,2483,2483,2483,2483,2483
?,435,435,435,435,435,435,435,435,435,435
?,949,949,949,949,949,949,949,949,949,949
?,2730,2730,2730,2730,2730,2730,2730,2730,2730,2730
?,1142,1142,1142,1142,1142,1142,1142,1142,1142,1142
?,578,578,578,578,578,578,578,578,578,578
?,394,394,394,394,394,394,394,394,394,394
?,848,848,848,848,848,848,848,848,848,848
?,2262,2262,2262,2262,2262,2262,2262,2262,2262,2262
?,2084,2084,2084,2084,2084,2084,2084,2084,2084,2084
?,692,692,692,692,692,692,692,692,692,692
?,113,113,113,113,113,113,113,113,113,113
?,2452,2452,2452,2452,2452,2452,2452,2452,2452,2452
?,163,163,163,163,163,163,163,163,163,163
?,2212,2212,2212,2212,2212,2212,2212,2212,2212,2212
?,2204,2204,2204,2204,2204,2204,2204,2204,2204,2204
?,800,800,800,800,800,800,800,800,800,800
?,28,28,28,28,28,28,28,28,28,28
?,2001,2001,2001,2001,2001,2001,2001,2001,2001,2001
?,106,106,106,106,106,106,106,106,106,106
?,1514,1514,1514,1514,1514,1514,1514,1514,1514,1514
?,833,833,833,833,833,833,833,833,833,833
?,1155,1155,1155,1155,1155,1155,1155,1155,1155,1155
?,2340,2340,2340,2340,2340,2340,2340,2340,2340,2340
?,1747,1747,1747,1747,1747,1747,1747,1747,1747,1747
?,1823,1823,1823,1823,1823,1823,1823,1823,1823,1823
?,2134,2134,2134,2134,2134,2134,2134,2134,2134,2134
?,517,517,517,517,517,517,517,517,517,517
?,1859,1859,1859,1859,1859,1859,1859,1859,1859,1859
?,1209,1209,1209,1209,1209,1209,1209,1209,1209,1209
?,449,449,449,449,449,449,449,449,449,449
?,2894,2894,2894,2894,2894,2894,2894,2894,2894,2894
?,492,492,492,492,492,492,492,492,492,492
?,1821,1821,1821,1821,1821,1821,1821,1821,1821,1821
?,1771,1771,1771,1771,1771,1771,1771,1771,1771,1771
?,2021,2021,2021,2021,2021,2021,2021,2021,2021,2021
?,1078,1078,1078,1078,1078,1078,1078,1078,1078,1078
?,356,356,356,356,356,356,356,356,356,356
?,561,561,561,561,561,561,561,561,561,561
?,1141,1141,1141,1141,1141,1141,1141,1141,1141,1141
?,2740,2740,2740,2740,2740,2740,2740,2740,2740,2740
?,478,478,478,478,478,478,478,478,478,478
?,1449,1449,1449,1449,1449,1449,1449,1449,1449,1449
?,324,324,324,324,324,324,324,324,324,324
?,912,912,912,912,912,912,912,912,912,912
?,305,305,305,305,305,305,305,305,305,305
?,1340,1340,1340,1340,1340,1340,1340,1340,1340,1340
?,642,642,642,642,642,642,642,642,642,642
?,2077,2077,2077,2077,2077,2077,2077,2077,2077,2077
?,1374,1374,1374,1374,1374,1374,1374,1374,1374,1374
?,1131,1131,1131,1131,1131,1131,1131,1131,1131,1131
?,1858,1858,1858,1858,1858,1858,1858,1858,1858,1858
?,2584,2584,2584,2584,2584,2584,2584,2584,2584,2584
?,2101,2101,2101,2101,2101,2101,2101,2101,2101,2101
?,2753,2753,2753,2753,2753,2753,2753,2753,2753,2753
?,304,304,304,304,304,304,304,304,304,304
?,2896,2896,2896,2896,2896,2896,2896,2896,2896,2896
?,2818,2818,2818,2818,2818,2818,2818,2818,2818,2818
?,1290,1290,1290,1290,1290,1290,1290,1290,1290,1290
?,158,158,158,158,158,158,158,158,158,158
?,1776,1776,1776,1776,1776,1776,1776,1776,1776,1776
?,412,412,412,412,412,412,412,412,412,412
?,2889,2889,2889,2889,2889,2889,2889,2889,2889,2889
?,2136,2136,2136,2136,2136,2136,2136,2136,2136,2136
?,1301,1301,1301,1301,1301,1301,1301,1301,1301,1301
?,780,780,780,780,780,780,780,780,780,780
?,2287,2287,2287,2287,2287,2287,2287,2287,2287,2287
?,2708,2708,2708,2708,2708,2708,2708,2708,2708,2708
?,2565,2565,2565,2565,2565,2565,2565,2565,2565,2565
?,146,146,146,146,146,146,146,146,146,146
?,2599,2599,2599,2599,2599,2599,2599,2599,2599,2599
?,2570,2570,2570,2570,2570,2570,2570,2570,2570,2570
?,33,33,33,33,33,33,33,33,33,33
?,1008,1008,1008,1008,1008,1008,1008,1008,1008,1008
?,561,561,561,561,561,561,561,561,561,561
?,2402,2402,2402,2402,2402,2402,2402,2402,2402,2402
?,1541,1541,1541,1541,1541,1541,1541,1541,1541,1541
?,902,902,902,902,902,902,902,902,902,902
?,2759,2759,2759,2759,2759,2759,2759,2759,2759,2759
?,802,802,802,802,802,802,802,802,802,802
?,1087,1087,1087,1087,1087,1087,1087,1087,1087,1087
?,1926,1926,1926,1926,1926,1926,1926,1926,1926,1926
?,621,621,621,621,621,621,621,621,621,621
?,1985,1985,1985,1985,1985,1985,1985,1985,1985,1985
?,767,767,767,767,767,767,767,767,767,767
?,2035,2035,2035,2035,2035,2035,2035,2035,2035,2035
?,1158,1158,1158,1158,1158,1158,1158,1158,1158,1158
?,540,540,540,540,540,540,540,540,540,540
?,814,814,814,814,814,814,814,814,814,814
?,2601,2601,2601,2601,2601,2601,2601,2601,2601,2601
?,364,364,364,364,364,364,364,364,364,364
?,2115,2115,2115,2115,2115,2115,2115,2115,2115,2115
?,878,878,878,878,878,878,878,878,878,878
?,14,14,14,14,14,14,14,14,14,14
?,1779,1779,1779,1779,1779,1779,1779,1779,1779,1779
?,276,276,276,276,276,276,276,276,276,276
?,2010,2010,2010,2010,2010,2010,2010,2010,2010,2010
?,2285,2285,2285,2285,2285,2285,2285,2285,2285,2285
?,2504,2504,2504,2504,2504,2504,2504,2504,2504,2504
?,855,855,855,855,855,855,855,855,855,855
?,2909,2909,2909,2909,2909,2909,2909,2909,2909,2909
?,730,730,730,730,730,730,730,730,730,730
?,159,159,159,159,159,159,159,159,159,159
?,1713,1713,1713,1713,1713,1713,1713,1713,1713,1713
?,2818,2818,2818,2818,2818,2818,2818,2818,2818,2818
?,1078,1078,1078,1078,1078,1078,1078,1078,1078,1078
?,2513,2513,2513,2513,2513,2513,2513,2513,2513,2513
?,1558,1558,1558,1558,1558,1558,1558,1558,1558,1558
?,2585,2585,2585,2585,2585,2585,2585,2585,2585,2585
?,2392,2392,2392,2392,2392,2392,2392,2392,2392,2392
?,962,962,962,962,962,962,962,962,962,962
?,2613,2613,2613,2613,2613,2613,2613,2613,2613,2613
?,1429,1429,1429,1429,1429,1429,1429,1429,1429,1429
?,1984,1984,1984,1984,1984,1984,1984,1984,1984,1984
?,2173,2173,2173,2173,2173,2173,2173,2173,2173,2173
?,2691,2691,2691,2691,2691,2691,2691,2691,2691,2691
?,738,738,738,738,738,738,738,738,738,738
?,1230,1230,1230,1230,1230,1230,1230,1230,1230,1230
?,950,950,950,950,950,950,950,950,950,950
?,1197,1197,1197,1197,1197,1197,1197,1197,1197,1197
?,2737,2737,2737,2737,2737,2737,2737,2737,2737,2737
?,1987,1987,1987,1987,1987,1987,1987,1987,1987,1987
?,2008,2008,2008,2008,2008,2008,2008,2008,2008,2008
?,2581,2581,2581,2581,2581,2581,2581,2581,2581,2581
?,1607,1607,1607,1607,1607,1607,1607,1607,1607,1607
?,2449,2449,2449,2449,2449,2449,2449,2449,2449,2449
?,1463,1463,1463,1463,1463,1463,1463,1463,1463,1463
?,2226,2226,2226,2226,2226,2226,2226,2226,2226,2226
?,1971,1971,1971,1971,1971,1971,1971,1971,1971,1971
?,1211,1211,1211,1211,1211,1211,1211,1211,1211,1211
?,396,396,396,396,396,396,396,396,396,396
?,897,897,897,897,897,897,897,897,897,897
?,461,461,461,461,461,461,461,461,461,461
?,1177,1177,1177,1177,1177,1177,1177,1177,1177,1177
?,1719,1719,1719,1719,1719,1719,1719,1719,1719,1719
?,1832,1832,1832,1832,1832,1832,1832,1832,1832,1832
?,1333,1333,1333,1333,1333,1333,1333,1333,1333,1333
?,1014,1014,1014,1014,1014,1014,1014,1014,1014,1014
?,2714,2714,2714,2714,2714,2714,2714,2714,2714,2714
?,1741,1741,1741,1741,1741,1741,1741,1741,1741,1741
?,475,475,475,475,475,475,475,475,475,475
?,722,722,722,722,722,722,722,722,722,722
?,1904,1904,1904,1904,1904,1904,1904,1904,1904,1904
?,1307,1307,1307,1307,1307,1307,1307,1307,1307,1307
?,2706,2706,2706,2706,2706,2706,2706,2706,2706,2706
?,466,466,466,466,466,466,466,466,466,466
?,1424,1424,1424,1424,1424,1424,1424,1424,1424,1424
?,2855,2855,2855,2855,2855,2855,2855,2855,2855,2855
?,1631,1631,1631,1631,1631,1631,1631,1631,1631,1631
?,2887,2887,2887,2887,2887,2887,2887,2887,2887,2887
?,525,525,525,525,525,525,525,525,525,525
?,1982,1982,1982,1982,1982,1982,1982,1982,1982,1982
?,2004,2004,2004,2004,2004,2004,2004,2004,2004,2004
?,2462,2462,2462,2462,2462,2462,2462,2462,2462,2462
?,1688,1688,1688,1688,1688,1688,1688,1688,1688,1688
?,2815,2815,2815,2815,2815,2815,2815,2815,2815,2815
?,962,962,962,962,962,962,962,962,962,962
?,119,119,119,119,119,119,119,119,119,119
?,1192,1192,1192,1192,1192,1192,1192,1192,1192,1192
?,1098,1098,1098,1098,1098,1098,1098,1098,1098,1098
?,2079,2079,2079,2079,2079,2079,2079,2079,2079,2079
?,882,882,882,882,882,882,882,882,882,882
?,1676,1676,1676,1676,1676,1676,1676,1676,1676,1676
?,250,250,250,250,250,250,250,250,250,250
?,2304,2304,2304,2304,2304,2304,2304,2304,2304,2304
?,1324,1324,1324,1324,1324,1324,1324,1324,1324,1324
?,1072,1072,1072,1072,1072,1072,1072,1072,1072,1072
?,2765,2765,2765,2765,2765,2765,2765,2765,2765,2765
?,1301,1301,1301,1301,1301,1301,1301,1301,1301,1301
?,1685,1685,1685,1685,1685,1685,1685,1685,1685,1685
?,1604,1604,1604,1604,1604,1604,1604,1604,1604,1604
?,1811,1811,1811,1811,1811,1811,1811,1811,1811,1811
?,1742,1742,1742,1742,1742,1742,1742,1742,1742,1742
?,1633,1633,1633,1633,1633,1633,1633,1633,1633,1633
?,1068,1068,1068,1068,1068,1068,1068,1068,1068,1068
?,224,224,224,224,224,224,224,224,224,224
?,1100,1100,1100,1100,1100,1100,1100,1100,1100,1100
?,1989,1989,1989,1989,1989,1989,1989,1989,1989,1989
?,897,897,897,897,897,897,897,897,897,897
?,1392,1392,1392,1392,1392,1392,1392,1392,1392,1392
?,2607,2607,2607,2607,2607,2607,2607,2607,2607,2607
?,187,187,187,187,187,187,187,187,187,187
?,1264,1264,1264,1264,1264,1264,1264,1264,1264,1264
?,1834,1834,1834,1834,1834,1834,1834,1834,1834,1834
?,1679,1679,1679,1679,1679,1679,1679,1679,1679,1679
?,907,907,907,907,907,907,907,907,907,907
?,2345,2345,2345,2345,2345,2345,2345,2345,2345,2345
?,683,683,683,683,683,683,683,683,683,683
?,2196,2196,2196,2196,2196,2196,2196,2196,2196,2196
?,845,845,845,845,845,845,845,845,845,845
?,2562,2562,2562,2562,2562,2562,2562,2562,2562,2562
?,452,452,452,452,452,452,452,452,452,452
?,2513,2513,2513,2513,2513,2513,2513,2513,2513,2513
?,2502,2502,2502,2502,2502,2502,2502,2502,2502,2502
?,1351,1351,1351,1351,1351,1351,1351,1351,1351,1351
?,530,530,530,530,530,530,530,530,530,530
?,2478,2478,2478,2478,2478,2478,2478,2478,2478,2478
?,2211,2211,2211,2211,2211,2211,2211,2211,2211,2211
?,82,82,82,82,82,82,82,82,82,82
?,87,87,87,87,87,87,87,87,87,87
?,1554,1554,1554,1554,1554,1554,1554,1554,1554,1554
?,370,370,370,370,370,370,370,370,370,370
?,2887,2887,2887,2887,2887,2887,2887,2887,2887,2887
?,1366,1366,1366,1366,1366,1366,1366,1366,1366,1366
?,1445,1445,1445,1445,1445,1445,1445,1445,1445,1445
?,2265,2265,2265,2265,2265,2265,2265,2265,2265,2265
?,260,260,260,260,260,260,260,260,260,260
?,2683,2683,2683,2683,2683,2683,2683,2683,2683,2683
?,202,202,202,202,202,202,202,202,202,202
?,2125,2125,2125,2125,2125,2125,2125,2125,2125,2125
?,863,863,863,863,863,863,863,863,863,863
?,1484,1484,1484,1484,1484,1484,1484,1484,1484,1484
?,2194,2194,2194,2194,2194,2194,2194,2194,2194,2194
?,813,813,813,813,813,813,813,813,813,813
?,644,644,644,644,644,644,644,644,644,644
?,2195,2195,2195,2195,2195,2195,2195,2195,2195,2195
?,1621,1621,1621,1621,1621,1621,1621,1621,1621,1621
?,940,940,940,940,940,940,940,940,940,940
?,1189,1189,1189,1189,1189,1189,1189,1189,1189,1189
?,662,662,662,662,662,662,662,662,662,662
?,1532,1532,1532,1532,1532,1532,1532,1532,1532,1532
?,1358,1358,1358,1358,1358,1358,1358,1358,1358,1358
?,1694,1694,1694,1694,1694,1694,1694,1694,1694,1694
?,884,884,884,884,884,884,884,884,884,884
?,2265,2265,2265,2265,2265,2265,2265,2265,2265,2265
?,1019,1019,1019,1019,1019,1019,1019,1019,1019,1019
?,56,56,56,56,56,56,56,56,56,56
?,148,148,148,148,148,148,148,148,148,148
?,83,83,83,83,83,83,83,83,83,83
?,2157,2157,2157,2157,2157,2157,2157,2157,2157,2157
?,420,420,420,420,420,420,420,420,420,420
?,2055,2055,2055,2055,2055,2055,2055,2055,2055,2055
?,1630,1630,1630,1630,1630,1630,1630,1630,1630,1630
?,1987,1987,1987,1987,1987,1987,1987,1987,1987,1987
?,174,174,174,174,174,174,174,174,174,174
?,643,643,643,643,643,643,643,643,643,643
?,1160,1160,1160,1160,1160,1160,1160,1160,1160,1160
?,1235,1235,1235,1235,1235,1235,1235,1235,1235,1235
?,100,100,100,100,100,100,100,100,100,100
?,943,943,943,943,943,943,943,943,943,943
?,2587,2587,2587,2587,2587,2587,2587,2587,2587,2587
?,2819,2819,2819,2819,2819,2819,2819,2819,2819,2819
?,1013,1013,1013,1013,1013,1013,1013,1013,1013,1013
?,139,139,139,139,139,139,139,139,139,139
?,1116,1116,1116,1116,1116,1116,1116,1116,1116,1116
?,507,507,507,507,507,507,507,507,507,507
?,1548,1548,1548,1548,1548,1548,1548,1548,1548,1548
?,2685,2685,2685,2685,2685,2685,2685,2685,2685,2685
?,1642,1642,1642,1642,1642,1642,1642,1642,1642,1642
?,538,538,538,538,538,538,538,538,538,538
?,1106,1106,1106,1106,1106,1106,1106,1106,1106,1106
?,348,348,348,348,348,348,348,348,348,348
?,314,314,314,314,314,314,314,314,314,314
?,303,303,303,303,303,303,303,303,303,303
?,2067,2067,2067,2067,2067,2067,2067,2067,2067,2067
?,2882,2882,2882,2882,2882,2882,2882,2882,2882,2882
?,1702,1702,1702,1702,1702,1702,1702,1702,1702,1702
?,83,83,83,83,83,83,83,83,83,83
?,61,61,61,61,61,61,61,61,61,61
?,2219,2219,2219,2219,2219,2219,2219,2219,2219,2219
?,2478,2478,2478,2478,2478,2478,2478,2478,2478,2478
?,622,622,622,622,622,622,622,622,622,622
?,392,392,392,392,392,392,392,392,392,392
?,2410,2410,2410,2410,2410,2410,2410,2410,2410,2410
?,1603,1603,1603,1603,1603,1603,1603,1603,1603,1603
?,796,796,796,796,796,796,796,796,796,796
?,2481,2481,2481,2481,2481,2481,2481,2481,2481,2481
?,1279,1279,1279,1279,1279,1279,1279,1279,1279,1279
?,1326,1326,1326,1326,1326,1326,1326,1326,1326,1326
?,1742,1742,1742,1742,1742,1742,1742,1742,1742,1742
?,2099,2099,2099,2099,2099,2099,2099,2099,2099,2099
?,96,96,96,96,96,96,96,96,96,96
?,1238,1238,1238,1238,1238,1238,1238,1238,1238,1238
?,1123,1123,1123,1123,1123,1123,1123,1123,1123,1123
?,1880,1880,1880,1880,1880,1880,1880,1880,1880,1880
?,831,831,831,831,831,831,831,831,831,831
?,409,409,409,409,409,409,409,409,409,409
?,1083,1083,1083,1083,1083,1083,1083,1083,1083,1083
?,2688,2688,2688,2688,2688,2688,2688,2688,2688,2688
?,2361,2361,2361,2361,2361,2361,2361,2361,2361,2361
?,1931,1931,1931,1931,1931,1931,1931,1931,1931,1931
?,1543,1543,1543,1543,1543,1543,1543,1543,1543,1543
?,1193,1193,1193,1193,1193,1193,1193,1193,1193,1193
?,1760,1760,1760,1760,1760,1760,1760,1760,1760,1760
?,382,382,382,382,382,382,382,382,382,382
?,911,911,911,911,911,911,911,911,911,911
?,1665,1665,1665,1665,1665,1665,1665,1665,1665,1665
?,2298,2298,2298,2298,2298,2298,2298,2298,2298,2298
?,1141,1141,1141,1141,1141,1141,1141,1141,1141,1141
?,1980,1980,1980,1980,1980,1980,1980,1980,1980,1980
?,1165,1165,1165,1165,1165,1165,1165,1165,1165,1165
?,2879,2879,2879,2879,2879,2879,2879,2879,2879,2879
?,2185,2185,2185,2185,2185,2185,2185,2185,2185,2185
?,2076,2076,2076,2076,2076,2076,2076,2076,2076,2076
?,1002,1002,1002,1002,1002,1002,1002,1002,1002,1002
?,1567,1567,1567,1567,1567,1567,1567,1567,1567,1567
?,71,71,71,71,71,71,71,71,71,71
?,2036,2036,2036,2036,2036,2036,2036,2036,2036,2036
?,1613,1613,1613,1613,1613,1613,1613,1613,1613,1613
?,1527,1527,1527,1527,1527,1527,1527,1527,1527,1527
?,2239,2239,2239,2239,2239,2239,2239,2239,2239,2239
?,444,444,444,444,444,444,444,444,444,444
?,1853,1853,1853,1853,1853,1853,1853,1853,1853,1853
?,918,918,918,918,918,918,918,918,918,918
?,2367,2367,2367,2367,2367,2367,2367,2367,2367,2367
?,102,102,102,102,102,102,102,102,102,102
?,1628,1628,1628,1628,1628,1628,1628,1628,1628,1628
?,951,951,951,951,951,951,951,951,951,951
?,1832,1832,1832,1832,1832,1832,1832,1832,1832,1832
?,1515,1515,1515,1515,1515,1515,1515,1515,1515,1515
?,1953,1953,1953,1953,1953,1953,1953,1953,1953,1953
?,2307,2307,2307,2307,2307,2307,2307,2307,2307,2307
?,447,447,447,447,447,447,447,447,447,447
?,2633,2633,2633,2633,2633,2633,2633,2633,2633,2633
?,1273,1273,1273,1273,1273,1273,1273,1273,1273,1273
?,1362,1362,1362,1362,1362,1362,1362,1362,1362,1362
?,589,589,589,589,589,589,589,589,589,589
?,2581,2581,2581,2581,2581,2581,2581,2581,2581,2581
?,343,343,343,343,343,343,343,343,343,343
?,391,391,391,391,391,391,391,391,391,391
?,2298,2298,2298,2298,2298,2298,2298,2298,2298,2298
?,694,694,694,694,694,694,694,694,694,694
?,851,851,851,851,851,851,851,851,851,851
?,2007,2007,2007,2007,2007,2007,2007,2007,2007,2007
?,2431,2431,2431,2431,2431,2431,2431,2431,2431,2431
?,1024,1024,1024,1024,1024,1024,1024,1024,1024,1024
?,344,344,344,344,344,344,344,344,344,344
?,579,579,579,579,579,579,579,579,579,579
?,1652,1652,1652,1652,1652,1652,1652,1652,1652,1652
?,2526,2526,2526,2526,2526,2526,2526,2526,2526,2526
?,1940,1940,1940,1940,1940,1940,1940,1940,1940,1940
?,2144,2144,2144,2144,2144,2144,2144,2144,2144,2144
?,2321,2321,2321,2321,2321,2321,2321,2321,2321,2321
?,953,953,953,953,953,953,953,953,953,953
?,242,242,242,242,242,242,242,242,242,242
?,2022,2022,2022,2022,2022,2022,2022,2022,2022,2022
?,1033,1033,1033,1033,1033,1033,1033,1033,1033,1033
?,1687,1687,1687,1687,1687,1687,1687,1687,1687,1687
?,1276,1276,1276,1276,1276,1276,1276,1276,1276,1276
?,1384,1384,1384,1384,1384,1384,1384,1384,1384,1384
?,617,617,617,617,617,617,617,617,617,617
?,150,150,150,150,150,150,150,150,150,150
?,1317,1317,1317,1317,1317,1317,1317,1317,1317,1317
?,2823,2823,2823,2823,2823,2823,2823,2823,2823,2823
?,2316,2316,2316,2316,2316,2316,2316,2316,2316,2316
?,2453,2453,2453,2453,2453,2453,2453,2453,2453,2453
?,1666,1666,1666,1666,1666,1666,1666,1666,1666,1666
?,23,23,23,23,23,23,23,23,23,23
?,1099,1099,1099,1099,1099,1099,1099,1099,1099,1099
?,2828,2828,2828,2828,2828,2828,2828,2828,2828,2828
?,857,857,857,857,857,857,857,857,857,857
?,2304,2304,2304,2304,2304,2304,2304,2304,2304,2304
?,2002,2002,2002,2002,2002,2002,2002,2002,2002,2002
?,2235,2235,2235,2235,2235,2235,2235,2235,2235,2235
?,2048,2048,2048,2048,2048,2048,2048,2048,2048,2048
?,1283,1283,1283,1283,1283,1283,1283,1283,1283,1283
?,2671,2671,2671,2671,2671,2671,2671,2671,2671,2671
?,966,966,966,966,966,966,966,966,966,966
?,1319,1319,1319,1319,1319,1319,1319,1319,1319,1319
?,1890,1890,1890,1890,1890,1890,1890,1890,1890,1890
?,2904,2904,2904,2904,2904,2904,2904,2904,2904,2904
?,1979,1979,1979,1979,1979,1979,1979,1979,1979,1979
?,2108,2108,2108,2108,2108,2108,2108,2108,2108,2108
?,2273,2273,2273,2273,2273,2273,2273,2273,2273,2273
?,334,334,334,334,334,334,334,334,334,334
?,431,431,431,431,431,431,431,431,431,431
?,1744,1744,1744,1744,1744,1744,1744,1744,1744,1744
?,2865,2865,2865,2865,2865,2865,2865,2865,2865,2865
?,318,318,318,318,318,318,318,318,318,318
?,1539,1539,1539,1539,1539,1539,1539,1539,1539,1539
?,522,522,522,522,522,522,522,522,522,522
?,56,56,56,56,56,56,56,56,56,56
?,664,664,664,664,664,664,664,664,664,664
?,2130,2130,2130,2130,2130,2130,2130,2130,2130,2130
?,498,498,498,498,498,498,498,498,498,498
?,681,681,681,681,681,681,681,681,681,681
?,809,809,809,809,809,809,809,809,809,809
?,1793,1793,1793,1793,1793,1793,1793,1793,1793,1793
?,466,466,466,466,466,466,466,466,466,466
?,160,160,160,160,160,160,160,160,160,160
?,1738,1738,1738,1738,1738,1738,1738,1738,1738,1738
?,2029,2029,2029,2029,2029,2029,2029,2029,2029,2029
?,700,700,700,700,700,700,700,700,700,700
?,2565,2565,2565,2565,2565,2565,2565,2565,2565,2565
?,2149,2149,2149,2149,2149,2149,2149,2149,2149,2149
?,1996,1996,1996,1996,1996,1996,1996,1996,1996,1996
?,573,573,573,573,573,573,573,573,573,573
?,2241,2241,2241,2241,2241,2241,2241,2241,2241,2241
?,1713,1713,1713,1713,1713,1713,1713,1713,1713,1713
?,1636,1636,1636,1636,1636,1636,1636,1636,1636,1636
?,38,38,38,38,38,38,38,38,38,38
?,1216,1216,1216,1216,1216,1216,1216,1216,1216,1216
?,482,482,482,482,482,482,482,482,482,482
?,1784,1784,1784,1784,1784,1784,1784,1784,1784,1784
?,1206,1206,1206,1206,1206,1206,1206,1206,1206,1206
?,2772,2772,2772,2772,2772,2772,2772,2772,2772,2772
?,1111,1111,1111,1111,1111,1111,1111,1111,1111,1111
?,2141,2141,2141,2141,2141,2141,2141,2141,2141,2141
?,1321,1321,1321,1321,1321,1321,1321,1321,1321,1321
?,2520,2520,2520,2520,2520,2520,2520,2520,2520,2520
?,1523,1523,1523,1523,1523,1523,1523,1523,1523,1523
?,2310,2310,2310,2310,2310,2310,2310,2310,2310,2310
?,2664,2664,2664,2664,2664,2664,2664,2664,2664,2664
?,680,680,680,680,680,680,680,680,680,680
?,580,580,580,580,580,580,580,580,580,580
?,1189,1189,1189,1189,1189,1189,1189,1189,1189,1189
?,2144,2144,2144,2144,2144,2144,2144,2144,2144,2144
?,2806,2806,2806,2806,2806,2806,2806,2806,2806,2806
?,838,838,838,838,838,838,838,838,838,838
?,2515,2515,2515,2515,2515,2515,2515,2515,2515,2515
?,1521,1521,1521,1521,1521,1521,1521,1521,1521,1521
?,2128,2128,2128,2128,2128,2128,2128,2128,2128,2128
?,2477,2477,2477,2477,2477,2477,2477,2477,2477,2477
?,1030,1030,1030,1030,1030,1030,1030,1030,1030,1030
?,1934,1934,1934,1934,1934,1934,1934,1934,1934,1934
?,1896,1896,1896,1896,1896,1896,1896,1896,1896,1896
?,863,863,863,863,863,863,863,863,863,863
?,1353,1353,1353,1353,1353,1353,1353,1353,1353,1353
?,555,555,555,555,555,555,555,555,555,555
?,673,673,673,673,673,673,673,673,673,673
?,2148,2148,2148,2148,2148,2148,2148,2148,2148,2148
?,1941,1941,1941,1941,1941,1941,1941,1941,1941,1941
?,41,41,41,41,41,41,41,41,41,41
?,1302,1302,1302,1302,1302,1302,1302,1302,1302,1302
?,1706,1706,1706,1706,1706,1706,1706,1706,1706,1706
?,735,735,735,735,735,735,735,735,735,735
?,616,616,616,616,616,616,616,616,616,616
?,1928,1928,1928,1928,1928,1928,1928,1928,1928,1928
?,275,275,275,275,275,275,275,275,275,275
?,23,23,23,23,23,23,23,23,23,23
?,1278,1278,1278,1278,1278,1278,1278,1278,1278,1278
?,2874,2874,2874,2874,2874,2874,2874,2874,2874,2874
?,769,769,769,769,769,769,769,769,769,769
?,817,817,817,817,817,817,817,817,817,817
?,2843,2843,2843,2843,2843,2843,2843,2843,2843,2843
?,385,385,385,385,385,385,385,385,385,385
?,2203,2203,2203,2203,2203,2203,2203,2203,2203,2203
?,1879,1879,1879,1879,1879,1879,1879,1879,1879,1879
?,1356,1356,1356,1356,1356,1356,1356,1356,1356,1356
?,388,388,388,388,388,388,388,388,388,388
?,251,251,251,251,251,251,251,251,251,251
?,2560,2560,2560,2560,2560,2560,2560,2560,2560,2560
?,1920,1920,1920,1920,1920,1920,1920,1920,1920,1920
?,2435,2435,2435,2435,2435,2435,2435,2435,2435,2435
?,641,641,641,641,641,641,641,641,641,641
?,274,274,274,274,274,274,274,274,274,274
?,1436,1436,1436,1436,1436,1436,1436,1436,1436,1436
?,2607,2607,2607,2607,2607,2607,2607,2607,2607,2607
?,2291,2291,2291,2291,2291,2291,2291,2291,2291,2291
?,926,926,926,926,926,926,926,926,926,926
?,1413,1413,1413,1413,1413,1413,1413,1413,1413,1413
?,2576,2576,2576,2576,2576,2576,2576,2576,2576,2576
?,58,58,58,58,58,58,58,58,58,58
?,790,790,790,790,790,790,790,790,790,790
?,1125,1125,1125,1125,1125,1125,1125,1125,1125,1125
?,1165,1165,1165,1165,1165,1165,1165,1165,1165,1165
?,1746,1746,1746,1746,1746,1746,1746,1746,1746,1746
?,2394,2394,2394,2394,2394,2394,2394,2394,2394,2394
?,1253,1253,1253,1253,1253,1253,1253,1253,1253,1253
?,1505,1505,1505,1505,1505,1505,1505,1505,1505,1505
?,2558,2558,2558,2558,2558,2558,2558,2558,2558,2558
?,1652,1652,1652,1652,1652,1652,1652,1652,1652,1652
?,1044,1044,1044,1044,1044,1044,1044,1044,1044,1044
?,2299,2299,2299,2299,2299,2299,2299,2299,2299,2299
?,2217,2217,2217,2217,2217,2217,2217,2217,2217,2217
?,2628,2628,2628,2628,2628,2628,2628,2628,2628,2628
?,2701,2701,2701,2701,2701,2701,2701,2701,2701,2701
?,830,830,830,830,830,830,830,830,830,830
?,318,318,318,318,318,318,318,318,318,318
?,2428,2428,2428,2428,2428,2428,2428,2428,2428,2428
?,625,625,625,625,625,625,625,625,625,625
?,422,422,422,422,422,422,422,422,422,422
?,887,887,887,887,887,887,887,887,887,887
?,1147,1147,1147,1147,1147,1147,1147,1147,1147,1147
?,731,731,731,731,731,731,731,731,731,731
?,1077,1077,1077,1077,1077,1077,1077,1077,1077,1077
?,2309,2309,2309,2309,2309,2309,2309,2309,2309,2309
?,420,420,420,420,420,420,420,420,420,420
?,519,519,519,519,519,519,519,519,519,519
?,2140,2140,2140,2140,2140,2140,2140,2140,2140,2140
?,2406,2406,2406,2406,2406,2406,2406,2406,2406,2406
?,2642,2642,2642,2642,2642,2642,2642,2642,2642,2642
?,1569,1569,1569,1569,1569,1569,1569,1569,1569,1569
?,1353,1353,1353,1353,1353,1353,1353,1353,1353,1353
?,2358,2358,2358,2358,2358,2358,2358,2358,2358,2358
?,2426,2426,2426,2426,2426,2426,2426,2426,2426,2426
?,2478,2478,2478,2478,2478,2478,2478,2478,2478,2478
?,1136,1136,1136,1136,1136,1136,1136,1136,1136,1136
?,2523,2523,2523,2523,2523,2523,2523,2523,2523,2523
?,2739,2739,2739,2739,2739,2739,2739,2739,2739,2739
?,1940,1940,1940,1940,1940,1940,1940,1940,1940,1940
?,858,858,858,858,858,858,858,858,858,858
?,689,689,689,689,689,689,689,689,689,689
?,11,11,11,11,11,11,11,11,11,11
?,950,950,950,950,950,950,950,950,950,950
?,887,887,887,887,887,887,887,887,887,887
?,375,375,375,375,375,375,375,375,375,375
?,2519,2519,2519,2519,2519,2519,2519,2519,2519,2519
?,601,601,601,601,601,601,601,601,601,601
?,588,588,588,588,588,588,588,588,588,588
?,676,676,676,676,676,676,676,676,676,676
?,1948,1948,1948,1948,1948,1948,1948,1948,1948,1948
?,2,2,2,2,2,2,2,2,2,2
?,1325,1325,1325,1325,1325,1325,1325,1325,1325,1325
?,319,319,319,319,319,319,319,319,319,319
?,214,214,214,214,214,214,214,214,214,214
?,562,562,562,562,562,562,562,562,562,562
?,2096,2096,2096,2096,2096,2096,2096,2096,2096,2096
?,1801,1801,1801,1801,1801,1801,1801,1801,1801,1801
?,1743,1743,1743,1743,1743,1743,1743,1743,1743,1743
?,2724,2724,2724,2724,2724,2724,2724,2724,2724,2724
?,1933,1933,1933,1933,1933,1933,1933,1933,1933,1933
?,1340,1340,1340,1340,1340,1340,1340,1340,1340,1340
?,1240,1240,1240,1240,1240,1240,1240,1240,1240,1240
?,2050,2050,2050,2050,2050,2050,2050,2050,2050,2050
?,481,481,481,481,481,481,481,481,481,481
?,987,987,987,987,987,987,987,987,987,987
?,2295,2295,2295,2295,2295,2295,2295,2295,2295,2295
?,1611,1611,1611,1611,1611,1611,1611,1611,1611,1611
?,1546,1546,1546,1546,1546,1546,1546,1546,1546,1546
?,1580,1580,1580,1580,1580,1580,1580,1580,1580,1580
?,2893,2893,2893,2893,2893,2893,2893,2893,2893,2893
?,1944,1944,1944,1944,1944,1944,1944,1944,1944,1944
?,1455,1455,1455,1455,1455,1455,1455,1455,1455,1455
?,1277,1277,1277,1277,1277,1277,1277,1277,1277,1277
?,2139,2139,2139,2139,2139,2139,2139,2139,2139,2139
?,1299,1299,1299,1299,1299,1299,1299,1299,1299,1299
?,2174,2174,2174,2174,2174,2174,2174,2174,2174,2174
?,321,321,321,321,321,321,321,321,321,321
?,2480,2480,2480,2480,2480,2480,2480,2480,2480,2480
?,877,877,877,877,877,877,877,877,877,877
?,681,681,681,681,681,681,681,681,681,681
?,2596,2596,2596,2596,2596,2596,2596,2596,2596,2596
?,1138,1138,1138,1138,1138,1138,1138,1138,1138,1138
?,2914,2914,2914,2914,2914,2914,2914,2914,2914,2914
?,586,586,586,586,586,586,586,586,586,586
?,1791,1791,1791,1791,1791,1791,1791,1791,1791,1791
?,2296,2296,2296,2296,2296,2296,2296,2296,2296,2296
?,1809,1809,1809,1809,1809,1809,1809,1809,1809,1809
?,2008,2008,2008,2008,2008,2008,2008,2008,2008,2008
?,2848,2848,2848,2848,2848,2848,2848,2848,2848,2848
?,1027,1027,1027,1027,1027,1027,1027,1027,1027,1027
?,2808,2808,2808,2808,2808,2808,2808,2808,2808,2808
?,493,493,493,493,493,493,493,493,493,493
?,2286,2286,2286,2286,2286,2286,2286,2286,2286,2286
?,1784,1784,1784,1784,1784,1784,1784,1784,1784,1784
?,2671,2671,2671,2671,2671,2671,2671,2671,2671,2671
?,1427,1427,1427,1427,1427,1427,1427,1427,1427,1427
?,730,730,730,730,730,730,730,730,730,730
?,104,104,104,104,104,104,104,104,104,104
?,1498,1498,1498,1498,1498,1498,1498,1498,1498,1498
?,1910,1910,1910,1910,1910,1910,1910,1910,1910,1910
?,2745,2745,2745,2745,2745,2745,2745,2745,2745,2745
?,1418,1418,1418,1418,1418,1418,1418,1418,1418,1418
?,1738,1738,1738,1738,1738,1738,1738,1738,1738,1738
?,876,876,876,876,876,876,876,876,876,876
?,2528,2528,2528,2528,2528,2528,2528,2528,2528,2528
?,2293,2293,2293,2293,2293,2293,2293,2293,2293,2293
?,783,783,783,783,783,783,783,783,783,783
?,1567,1567,1567,1567,1567,1567,1567,1567,1567,1567
?,1533,1533,1533,1533,1533,1533,1533,1533,1533,1533
?,734,734,734,734,734,734,734,734,734,734
?,44,44,44,44,44,44,44,44,44,44
?,803,803,803,803,803,803,803,803,803,803
?,1811,1811,1811,1811,1811,1811,1811,1811,1811,1811
?,1479,1479,1479,1479,1479,1479,1479,1479,1479,1479
?,2155,2155,2155,2155,2155,2155,2155,2155,2155,2155
?,799,799,799,799,799,799,799,799,799,799
?,23,23,23,23,23,23,23,23,23,23
?,2402,2402,2402,2402,2402,2402,2402,2402,2402,2402
?,1272,1272,1272,1272,1272,1272,1272,1272,1272,1272
?,1346,1346,1346,1346,1346,1346,1346,1346,1346,1346
?,386,386,386,386,386,386,386,386,386,386
?,1511,1511,1511,1511,1511,1511,1511,1511,1511,1511
?,1040,1040,1040,1040,1040,1040,1040,1040,1040,1040
?,2060,2060,2060,2060,2060,2060,2060,2060,2060,2060
?,54,54,54,54,54,54,54,54,54,54
?,2486,2486,2486,2486,2486,2486,2486,2486,2486,2486
?,1119,1119,1119,1119,1119,1119,1119,1119,1119,1119
?,138,138,138,138,138,138,138,138,138,138
?,2652,2652,2652,2652,2652,2652,2652,2652,2652,2652
?,1127,1127,1127,1127,1127,1127,1127,1127,1127,1127
?,2629,2629,2629,2629,2629,2629,2629,2629,2629,2629
?,1961,1961,1961,1961,1961,1961,1961,1961,1961,1961
?,1632,1632,1632,1632,1632,1632,1632,1632,1632,1632
?,180,180,180,180,180,180,180,180,180,180
?,2849,2849,2849,2849,2849,2849,2849,2849,2849,2849
?,2885,2885,2885,2885,2885,2885,2885,2885,2885,2885
?,1037,1037,1037,1037,1037,1037,1037,1037,1037,1037
?,1124,1124,1124,1124,1124,1124,1124,1124,1124,1124
?,2562,2562,2562,2562,2562,2562,2562,2562,2562,2562
?,235,235,235,235,235,235,235,235,235,235
?,2344,2344,2344,2344,2344,2344,2344,2344,2344,2344
?,125,125,125,125,125,125,125,125,125,125
?,1929,1929,1929,1929,1929,1929,1929,1929,1929,1929
?,2489,2489,2489,2489,2489,2489,2489,2489,2489,2489
?,2590,2590,2590,2590,2590,2590,2590,2590,2590,2590
?,1862,1862,1862,1862,1862,1862,1862,1862,1862,1862
?,2009,2009,2009,2009,2009,2009,2009,2009,2009,2009
?,712,712,712,712,712,712,712,712,712,712
?,1940,1940,1940,1940,1940,1940,1940,1940,1940,1940
?,2653,2653,2653,2653,2653,2653,2653,2653,2653,2653
?,2235,2235,2235,2235,2235,2235,2235,2235,2235,2235
?,426,426,426,426,426,426,426,426,426,426
?,157,157,157,157,157,157,157,157,157,157
?,1514,1514,1514,1514,1514,1514,1514,1514,1514,1514
?,119,119,119,119,119,119,119,119,119,119
?,2511,2511,2511,2511,2511,2511,2511,2511,2511,2511
?,628,628,628,628,628,628,628,628,628,628
?,2891,2891,2891,2891,2891,2891,2891,2891,2891,2891
?,725,725,725,725,725,725,725,725,725,725
?,540,540,540,540,540,540,540,540,540,540
?,340,340,340,340,340,340,340,340,340,340
?,1719,1719,1719,1719,1719,1719,1719,1719,1719,1719
?,490,490,490,490,490,490,490,490,490,490
?,230,230,230,230,230,230,230,230,230,230
?,1817,1817,1817,1817,1817,1817,1817,1817,1817,1817
?,2612,2612,2612,2612,2612,2612,2612,2612,2612,2612
?,2911,2911,2911,2911,2911,2911,2911,2911,2911,2911
?,256,256,256,256,256,256,256,256,256,256
?,1288,1288,1288,1288,1288,1288,1288,1288,1288,1288
?,400,400,400,400,400,400,400,400,400,400
?,2229,2229,2229,2229,2229,2229,2229,2229,2229,2229
?,1137,1137,1137,1137,1137,1137,1137,1137,1137,1137
?,796,796,796,796,796,796,796,796,796,796
?,2684,2684,2684,2684,2684,2684,2684,2684,2684,2684
?,2515,2515,2515,2515,2515,2515,2515,2515,2515,2515
?,69,69,69,69,69,69,69,69,69,69
?,1363,1363,1363,1363,1363,1363,1363,1363,1363,1363
?,2753,2753,2753,2753,2753,2753,2753,2753,2753,2753
?,1297,1297,1297,1297,1297,1297,1297,1297,1297,1297
?,2906,2906,2906,2906,2906,2906,2906,2906,2906,2906
?,694,694,694,694,694,694,694,694,694,694
?,2404,2404,2404,2404,2404,2404,2404,2404,2404,2404
?,1501,1501,1501,1501,1501,1501,1501,1501,1501,1501
?,2115,2115,2115,2115,2115,2115,2115,2115,2115,2115
?,59,59,59,59,59,59,59,59,59,59
?,2722,2722,2722,2722,2722,2722,2722,2722,2722,2722
?,1652,1652,1652,1652,1652,1652,1652,1652,1652,1652
?,1706,1706,1706,1706,1706,1706,1706,1706,1706,1706
?,2735,2735,2735,2735,2735,2735,2735,2735,2735,2735
?,2743,2743,2743,2743,2743,2743,2743,2743,2743,2743
?,252,252,252,252,252,252,252,252,252,252
?,267,267,267,267,267,267,267,267,267,267
?,791,791,791,791,791,791,791,791,791,791
?,2055,2055,2055,2055,2055,2055,2055,2055,2055,2055
?,605,605,605,605,605,605,605,605,605,605
?,1093,1093,1093,1093,1093,1093,1093,1093,1093,1093
?,344,344,344,344,344,344,344,344,344,344
?,707,707,707,707,707,707,707,707,707,707
?,1817,1817,1817,1817,1817,1817,1817,1817,1817,1817
?,183,183,183,183,183,183,183,183,183,183
?,1129,1129,1129,1129,1129,1129,1129,1129,1129,1129
?,2493,2493,2493,2493,2493,2493,2493,2493,2493,2493
?,814,814,814,814,814,814,814,814,814,814
?,2821,2821,2821,2821,2821,2821,2821,2821,2821,2821
?,2071,2071,2071,2071,2071,2071,2071,2071,2071,2071
?,1677,1677,1677,1677,1677,1677,1677,1677,1677,1677
?,709,709,709,709,709,709,709,709,709,709
?,2603,2603,2603,2603,2603,2603,2603,2603,2603,2603
?,14,14,14,14,14,14,14,14,14,14
-,1332,1332,1332,1332,1332,1332,1332,1332,1332,1332
-,178,178,178,178,178,178,178,178,178,178
-,1685,1685,1685,1685,1685,1685,1685,1685,1685,1685
-,740,740,740,740,740,740,740,740,740,740
-,1134,1134,1134,1134,1134,1134,1134,1134,1134,1134
-,2868,2868,2868,2868,2868,2868,2868,2868,2868,2868
-,2894,2894,2894,2894,2894,2894,2894,2894,2894,2894
-,2716,2716,2716,2716,2716,2716,2716,2716,2716,2716
-,2723,2723,2723,2723,2723,2723,2723,2723,2723,2723
-,2142,2142,2142,2142,2142,2142,2142,2142,2142,2142
-,2073,2073,2073,2073,2073,2073,2073,2073,2073,2073
-,2836,2836,2836,2836,2836,2836,2836,2836,2836,2836
-,1916,1916,1916,1916,1916,1916,1916,1916,1916,1916
-,179,179,179,179,179,179,179,179,179,179
-,949,949,949,949,949,949,949,949,949,949
-,1761,1761,1761,1761,1761,1761,1761,1761,1761,1761
-,287,287,287,287,287,287,287,287,287,287
-,2692,2692,2692,2692,2692,2692,2692,2692,2692,2692
-,320,320,320,320,320,320,320,320,320,320
-,900,900,900,900,900,900,900,900,900,900
-,738,738,738,738,738,738,738,738,738,738
-,1346,1346,1346,1346,1346,1346,1346,1346,1346,1346
-,2173,2173,2173,2173,2173,2173,2173,2173,2173,2173
-,1814,1814,1814,1814,1814,1814,1814,1814,1814,1814
-,1466,1466,1466,1466,1466,1466,1466,1466,1466,1466
-,1111,1111,1111,1111,1111,1111,1111,1111,1111,1111
-,2950,2950,2950,2950,2950,2950,2950,2950,2950,2950
-,2675,2675,2675,2675,2675,2675,2675,2675,2675,2675
-,540,540,540,540,540,540,540,540,540,540
-,37,37,37,37,37,37,37,37,37,37
-,2642,2642,2642,2642,2642,2642,2642,2642,2642,2642
-,315,315,315,315,315,315,315,315,315,315
-,1091,1091,1091,1091,1091,1091,1091,1091,1091,1091
-,48,48,48,48,48,48,48,48,48,48
-,1252,1252,1252,1252,1252,1252,1252,1252,1252,1252
-,2178,2178,2178,2178,2178,2178,2178,2178,2178,2178
-,2780,2780,2780,2780,2780,2780,2780,2780,2780,2780
-,2999,2999,2999,2999,2999,2999,2999,2999,2999,2999
-,2203,2203,2203,2203,2203,2203,2203,2203,2203,2203
-,1987,1987,1987,1987,1987,1987,1987,1987,1987,1987
-,1500,1500,1500,1500,1500,1500,1500,1500,1500,1500
-,1969,1969,1969,1969,1969,1969,1969,1969,1969,1969
-,730,730,730,730,730,730,730,730,730,730
-,2775,2775,2775,2775,2775,2775,2775,2775,2775,2775
-,803,803,803,803,803,803,803,803,803,803
-,1261,1261,1261,1261,1261,1261,1261,1261,1261,1261
-,1368,1368,1368,1368,1368,1368,1368,1368,1368,1368
-,2827,2827,2827,2827,2827,2827,2827,2827,2827,2827
-,182,182,182,182,182,182,182,182,182,182
-,1743,1743,1743,1743,1743,1743,1743,1743,1743,1743
-,1207,1207,1207,1207,1207,1207,1207,1207,1207,1207
-,2398,2398,2398,2398,2398,2398,2398,2398,2398,2398
-,2525,2525,2525,2525,2525,2525,2525,2525,2525,2525
-,2573,2573,2573,2573,2573,2573,2573,2573,2573,2573
-,2249,2249,2249,2249,2249,2249,2249,2249,2249,2249
-,1627,1627,1627,1627,1627,1627,1627,1627,1627,1627
-,1966,1966,1966,1966,1966,1966,1966,1966,1966,1966
-,2627,2627,2627,2627,2627,2627,2627,2627,2627,2627
-,366,366,366,366,366,366,366,366,366,366
-,1777,1777,1777,1777,1777,1777,1777,1777,1777,1777
-,2585,2585,2585,2585,2585,2585,2585,2585,2585,2585
-,1670,1670,1670,1670,1670,1670,1670,1670,1670,1670
-,2798,2798,2798,2798,2798,2798,2798,2798,2798,2798
-,331,331,331,331,331,331,331,331,331,331
-,1906,1906,1906,1906,1906,1906,1906,1906,1906,1906
-,2849,2849,2849,2849,2849,2849,2849,2849,2849,2849
-,608,608,608,608,608,608,608,608,608,608
-,2593,2593,2593,2593,2593,2593,2593,2593,2593,2593
-,1934,1934,1934,1934,1934,1934,1934,1934,1934,1934
-,2038,2038,2038,2038,2038,2038,2038,2038,2038,2038
-,2578,2578,2578,2578,2578,2578,2578,2578,2578,2578
-,2790,2790,2790,2790,2790,2790,2790,2790,2790,2790
-,1305,1305,1305,1305,1305,1305,1305,1305,1305,1305
-,2543,2543,2543,2543,2543,2543,2543,2543,2543,2543
-,61,61,61,61,61,61,61,61,61,61
-,2826,2826,2826,2826,2826,2826,2826,2826,2826,2826
-,2875,2875,2875,2875,2875,2875,2875,2875,2875,2875
-,1584,1584,1584,1584,1584,1584,1584,1584,1584,1584
-,289,289,289,289,289,289,289,289,289,289
-,2612,2612,2612,2612,2612,2612,2612,2612,2612,2612
-,1612,1612,1612,1612,1612,1612,1612,1612,1612,1612
-,1062,1062,1062,1062,1062,1062,1062,1062,1062,1062
-,1981,1981,1981,1981,1981,1981,1981,1981,1981,1981
-,191,191,191,191,191,191,191,191,191,191
-,595,595,595,595,595,595,595,595,595,595
-,446,446,446,446,446,446,446,446,446,446
-,1191,1191,1191,1191,1191,1191,1191,1191,1191,1191
-,865,865,865,865,865,865,865,865,865,865
-,214,214,214,214,214,214,214,214,214,214
-,1461,1461,1461,1461,1461,1461,1461,1461,1461,1461
-,1467,1467,1467,1467,1467,1467,1467,1467,1467,1467
-,2668,2668,2668,2668,2668,2668,2668,2668,2668,2668
-,2590,2590,2590,2590,2590,2590,2590,2590,2590,2590
-,1825,1825,1825,1825,1825,1825,1825,1825,1825,1825
-,1475,1475,1475,1475,1475,1475,1475,1475,1475,1475
-,169,169,169,169,169,169,169,169,169,169
-,104,104,104,104,104,104,104,104,104,104
-,2089,2089,2089,2089,2089,2089,2089,2089,2089,2089
-,2842,2842,2842,2842,2842,2842,2842,2842,2842,2842
-,857,857,857,857,857,857,857,857,857,857
-,1957,1957,1957,1957,1957,1957,1957,1957,1957,1957
-,40,40,40,40,40,40,40,40,40,40
-,342,342,342,342,342,342,342,342,342,342
-,1725,1725,1725,1725,1725,1725,1725,1725,1725,1725
-,1739,1739,1739,1739,1739,1739,1739,1739,1739,1739
-,549,549,549,549,549,549,549,549,549,549
-,682,682,682,682,682,682,682,682,682,682
-,2782,2782,2782,2782,2782,2782,2782,2782,2782,2782
-,719,719,719,719,719,719,719,719,719,719
-,152,152,152,152,152,152,152,152,152,152
-,2577,2577,2577,2577,2577,2577,2577,2577,2577,2577
-,1497,1497,1497,1497,1497,1497,1497,1497,1497,1497
-,951,951,951,951,951,951,951,951,951,951
-,2659,2659,2659,2659,2659,2659,2659,2659,2659,2659
-,125,125,125,125,125,125,125,125,125,125
-,1873,1873,1873,1873,1873,1873,1873,1873,1873,1873
-,90,90,90,90,90,90,90,90,90,90
-,1559,1559,1559,1559,1559,1559,1559,1559,1559,1559
-,2328,2328,2328,2328,2328,2328,2328,2328,2328,2328
-,1038,1038,1038,1038,1038,1038,1038,1038,1038,1038
-,1282,1282,1282,1282,1282,1282,1282,1282,1282,1282
-,310,310,310,310,310,310,310,310,310,310
-,2325,2325,2325,2325,2325,2325,2325,2325,2325,2325
-,2035,2035,2035,2035,2035,2035,2035,2035,2035,2035
-,609,609,609,609,609,609,609,609,609,609
-,852,852,852,852,852,852,852,852,852,852
-,1832,1832,1832,1832,1832,1832,1832,1832,1832,1832
-,2990,2990,2990,2990,2990,2990,2990,2990,2990,2990
-,1289,1289,1289,1289,1289,1289,1289,1289,1289,1289
-,2399,2399,2399,2399,2399,2399,2399,2399,2399,2399
-,2126,2126,2126,2126,2126,2126,2126,2126,2126,2126
-,2944,2944,2944,2944,2944,2944,2944,2944,2944,2944
-,2354,2354,2354,2354,2354,2354,2354,2354,2354,2354
-,1459,1459,1459,1459,1459,1459,1459,1459,1459,1459
-,1579,1579,1579,1579,1579,1579,1579,1579,1579,1579
-,1095,1095,1095,1095,1095,1095,1095,1095,1095,1095
-,2571,2571,2571,2571,2571,2571,2571,2571,2571,2571
-,106,106,106,106,106,106,106,106,106,106
-,2101,2101,2101,2101,2101,2101,2101,2101,2101,2101
-,2547,2547,2547,2547,2547,2547,2547,2547,2547,2547
-,825,825,825,825,825,825,825,825,825,825
-,2168,2168,2168,2168,2168,2168,2168,2168,2168,2168
-,445,445,445,445,445,445,445,445,445,445
-,2081,2081,2081,2081,2081,2081,2081,2081,2081,2081
-,2904,2904,2904,2904,2904,2904,2904,2904,2904,2904
-,1127,1127,1127,1127,1127,1127,1127,1127,1127,1127
-,1538,1538,1538,1538,1538,1538,1538,1538,1538,1538
-,637,637,637,637,637,637,637,637,637,637
-,1896,1896,1896,1896,1896,1896,1896,1896,1896,1896
-,1293,1293,1293,1293,1293,1293,1293,1293,1293,1293
-,2269,2269,2269,2269,2269,2269,2269,2269,2269,2269
-,243,243,243,243,243,243,243,243,243,243
-,313,313,313,313,313,313,313,313,313,313
-,1539,1539,1539,1539,1539,1539,1539,1539,1539,1539
-,256,256,256,256,256,256,256,256,256,256
-,265,265,265,265,265,265,265,265,265,265
-,2548,2548,2548,2548,2548,2548,2548,2548,2548,2548
-,2611,2611,2611,2611,2611,2611,2611,2611,2611,2611
-,1125,1125,1125,1125,1125,1125,1125,1125,1125,1125
-,1037,1037,1037,1037,1037,1037,1037,1037,1037,1037
-,556,556,556,556,556,556,556,556,556,556
-,917,917,917,917,917,917,917,917,917,917
-,1312,1312,1312,1312,1312,1312,1312,1312,1312,1312
-,2911,2911,2911,2911,2911,2911,2911,2911,2911,2911
-,429,429,429,429,429,429,429,429,429,429
-,91,91,91,91,91,91,91,91,91,91
-,2113,2113,2113,2113,2113,2113,2113,2113,2113,2113
-,2941,2941,2941,2941,2941,2941,2941,2941,2941,2941
-,686,686,686,686,686,686,686,686,686,686
-,1212,1212,1212,1212,1212,1212,1212,1212,1212,1212
-,2045,2045,2045,2045,2045,2045,2045,2045,2045,2045
-,226,226,226,226,226,226,226,226,226,226
-,756,756,756,756,756,756,756,756,756,756
-,2159,2159,2159,2159,2159,2159,2159,2159,2159,2159
-,2088,2088,2088,2088,2088,2088,2088,2088,2088,2088
-,2396,2396,2396,2396,2396,2396,2396,2396,2396,2396
-,175,175,175,175,175,175,175,175,175,175
-,1236,1236,1236,1236,1236,1236,1236,1236,1236,1236
-,405,405,405,405,405,405,405,405,405,405
-,1607,1607,1607,1607,1607,1607,1607,1607,1607,1607
-,1534,1534,1534,1534,1534,1534,1534,1534,1534,1534
-,2595,2595,2595,2595,2595,2595,2595,2595,2595,2595
-,433,433,433,433,433,433,433,433,433,433
-,2136,2136,2136,2136,2136,2136,2136,2136,2136,2136
-,638,638,638,638,638,638,638,638,638,638
-,2760,2760,2760,2760,2760,2760,2760,2760,2760,2760
-,1364,1364,1364,1364,1364,1364,1364,1364,1364,1364
-,2888,2888,2888,2888,2888,2888,2888,2888,2888,2888
-,2387,2387,2387,2387,2387,2387,2387,2387,2387,2387
-,2531,2531,2531,2531,2531,2531,2531,2531,2531,2531
-,1369,1369,1369,1369,1369,1369,1369,1369,1369,1369
-,737,737,737,737,737,737,737,737,737,737
-,2133,2133,2133,2133,2133,2133,2133,2133,2133,2133
-,375,375,375,375,375,375,375,375,375,375
-,441,441,441,441,441,441,441,441,441,441
-,1792,1792,1792,1792,1792,1792,1792,1792,1792,1792
-,529,529,529,529,529,529,529,529,529,529
-,2923,2923,2923,2923,2923,2923,2923,2923,2923,2923
-,1773,1773,1773,1773,1773,1773,1773,1773,1773,1773
-,569,569,569,569,569,569,569,569,569,569
-,1738,1738,1738,1738,1738,1738,1738,1738,1738,1738
-,2389,2389,2389,2389,2389,2389,2389,2389,2389,2389
-,2252,2252,2252,2252,2252,2252,2252,2252,2252,2252
-,200,200,200,200,200,200,200,200,200,200
-,2467,2467,2467,2467,2467,2467,2467,2467,2467,2467
-,739,739,739,739,739,739,739,739,739,739
-,2444,2444,2444,2444,2444,2444,2444,2444,2444,2444
-,115,115,115,115,115,115,115,115,115,115
-,845,845,845,845,845,845,845,845,845,845
-,339,339,339,339,339,339,339,339,339,339
-,35,35,35,35,35,35,35,35,35,35
-,2697,2697,2697,2697,2697,2697,2697,2697,2697,2697
-,422,422,422,422,422,422,422,422,422,422
-,746,746,746,746,746,746,746,746,746,746
-,387,387,387,387,387,387,387,387,387,387
-,1007,1007,1007,1007,1007,1007,1007,1007,1007,1007
-,82,82,82,82,82,82,82,82,82,82
-,2524,2524,2524,2524,2524,2524,2524,2524,2524,2524
-,69,69,69,69,69,69,69,69,69,69
-,7,7,7,7,7,7,7,7,7,7
-,2120,2120,2120,2120,2120,2120,2120,2120,2120,2120
-,926,926,926,926,926,926,926,926,926,926
-,1975,1975,1975,1975,1975,1975,1975,1975,1975,1975
-,1560,1560,1560,1560,1560,1560,1560,1560,1560,1560
-,2624,2624,2624,2624,2624,2624,2624,2624,2624,2624
-,1165,1165,1165,1165,1165,1165,1165,1165,1165,1165
-,1052,1052,1052,1052,1052,1052,1052,1052,1052,1052
-,1931,1931,1931,1931,1931,1931,1931,1931,1931,1931
-,1240,1240,1240,1240,1240,1240,1240,1240,1240,1240
-,2090,2090,2090,2090,2090,2090,2090,2090,2090,2090
-,1827,1827,1827,1827,1827,1827,1827,1827,1827,1827
-,264,264,264,264,264,264,264,264,264,264
-,2803,2803,2803,2803,2803,2803,2803,2803,2803,2803
-,1676,1676,1676,1676,1676,1676,1676,1676,1676,1676
-,1947,1947,1947,1947,1947,1947,1947,1947,1947,1947
-,2043,2043,2043,2043,2043,2043,2043,2043,2043,2043
-,970,970,970,970,970,970,970,970,970,970
-,2955,2955,2955,2955,2955,2955,2955,2955,2955,2955
-,2700,2700,2700,2700,2700,2700,2700,2700,2700,2700
-,2706,2706,2706,2706,2706,2706,2706,2706,2706,2706
-,159,159,159,159,159,159,159,159,159,159
-,1638,1638,1638,1638,1638,1638,1638,1638,1638,1638
-,1998,1998,1998,1998,1998,1998,1998,1998,1998,1998
-,2171,2171,2171,2171,2171,2171,2171,2171,2171,2171
-,2393,2393,2393,2393,2393,2393,2393,2393,2393,2393
-,806,806,806,806,806,806,806,806,806,806
-,2783,2783,2783,2783,2783,2783,2783,2783,2783,2783
-,167,167,167,167,167,167,167,167,167,167
-,528,528,528,528,528,528,528,528,528,528
-,2796,2796,2796,2796,2796,2796,2796,2796,2796,2796
-,2558,2558,2558,2558,2558,2558,2558,2558,2558,2558
-,601,601,601,601,601,601,601,601,601,601
-,476,476,476,476,476,476,476,476,476,476
-,532,532,532,532,532,532,532,532,532,532
-,885,885,885,885,885,885,885,885,885,885
-,1174,1174,1174,1174,1174,1174,1174,1174,1174,1174
-,2565,2565,2565,2565,2565,2565,2565,2565,2565,2565
-,716,716,716,716,716,716,716,716,716,716
-,2750,2750,2750,2750,2750,2750,2750,2750,2750,2750
-,2598,2598,2598,2598,2598,2598,2598,2598,2598,2598
-,776,776,776,776,776,776,776,776,776,776
-,554,554,554,554,554,554,554,554,554,554
-,2312,2312,2312,2312,2312,2312,2312,2312,2312,2312
-,530,530,530,530,530,530,530,530,530,530
-,2693,2693,2693,2693,2693,2693,2693,2693,2693,2693
-,590,590,590,590,590,590,590,590,590,590
-,97,97,97,97,97,97,97,97,97,97
-,581,581,581,581,581,581,581,581,581,581
-,1473,1473,1473,1473,1473,1473,1473,1473,1473,1473
-,2195,2195,2195,2195,2195,2195,2195,2195,2195,2195
-,1596,1596,1596,1596,1596,1596,1596,1596,1596,1596
-,1431,1431,1431,1431,1431,1431,1431,1431,1431,1431
-,2800,2800,2800,2800,2800,2800,2800,2800,2800,2800
-,831,831,831,831,831,831,831,831,831,831
-,230,230,230,230,230,230,230,230,230,230
-,1279,1279,1279,1279,1279,1279,1279,1279,1279,1279
-,2919,2919,2919,2919,2919,2919,2919,2919,2919,2919
-,1654,1654,1654,1654,1654,1654,1654,1654,1654,1654
-,553,553,553,553,553,553,553,553,553,553
-,183,183,183,183,183,183,183,183,183,183
-,2899,2899,2899,2899,2899,2899,2899,2899,2899,2899
-,990,990,990,990,990,990,990,990,990,990
-,2431,2431,2431,2431,2431,2431,2431,2431,2431,2431
-,2996,2996,2996,2996,2996,2996,2996,2996,2996,2996
-,846,846,846,846,846,846,846,846,846,846
-,1066,1066,1066,1066,1066,1066,1066,1066,1066,1066
-,1644,1644,1644,1644,1644,1644,1644,1644,1644,1644
-,1974,1974,1974,1974,1974,1974,1974,1974,1974,1974
-,2286,2286,2286,2286,2286,2286,2286,2286,2286,2286
-,1967,1967,1967,1967,1967,1967,1967,1967,1967,1967
-,1374,1374,1374,1374,1374,1374,1374,1374,1374,1374
-,496,496,496,496,496,496,496,496,496,496
-,620,620,620,620,620,620,620,620,620,620
-,1001,1001,1001,1001,1001,1001,1001,1001,1001,1001
-,136,136,136,136,136,136,136,136,136,136
-,2032,2032,2032,2032,2032,2032,2032,2032,2032,2032
-,146,146,146,146,146,146,146,146,146,146
-,673,673,673,673,673,673,673,673,673,673
-,1234,1234,1234,1234,1234,1234,1234,1234,1234,1234
-,1204,1204,1204,1204,1204,1204,1204,1204,1204,1204
-,1345,1345,1345,1345,1345,1345,1345,1345,1345,1345
-,314,314,314,314,314,314,314,314,314,314
-,2520,2520,2520,2520,2520,2520,2520,2520,2520,2520
-,2326,2326,2326,2326,2326,2326,2326,2326,2326,2326
-,344,344,344,344,344,344,344,344,344,344
-,224,224,224,224,224,224,224,224,224,224
-,1710,1710,1710,1710,1710,1710,1710,1710,1710,1710
-,254,254,254,254,254,254,254,254,254,254
-,1161,1161,1161,1161,1161,1161,1161,1161,1161,1161
-,1116,1116,1116,1116,1116,1116,1116,1116,1116,1116
-,2386,2386,2386,2386,2386,2386,2386,2386,2386,2386
-,391,391,391,391,391,391,391,391,391,391
-,584,584,584,584,584,584,584,584,584,584
-,2966,2966,2966,2966,2966,2966,2966,2966,2966,2966
-,45,45,45,45,45,45,45,45,45,45
-,2538,2538,2538,2538,2538,2538,2538,2538,2538,2538
-,2599,2599,2599,2599,2599,2599,2599,2599,2599,2599
-,33,33,33,33,33,33,33,33,33,33
-,993,993,993,993,993,993,993,993,993,993
+,1823,650,649,879,633,231,863,952,769,733
+,1871,553,964,978,624,434,878,207,285,50
+,371,992,971,410,303,399,922,534,995,431
+,12,487,479,329,139,738,960,307,0,76
+,718,725,569,684,319,213,945,751,627,608
+,2464,68,60,773,420,143,147,492,842,164
+,1788,995,826,999,973,248,400,805,163,661
+,1439,400,605,198,254,854,358,72,231,986
+,559,282,143,914,411,126,743,757,599,967
+,369,155,210,454,145,688,282,778,335,11
+,1900,120,533,318,536,105,790,643,612,482
+,2019,676,448,305,841,127,554,760,624,465
+,1420,72,901,772,932,737,349,896,278,972
+,1347,390,858,912,261,115,641,477,436,599
+,1247,897,726,708,886,813,498,776,298,230
+,53,105,90,749,617,982,613,885,371,247
+,2722,870,680,506,856,718,986,442,431,58
+,1316,107,885,788,286,862,741,750,282,926
+,1723,655,520,336,429,682,856,257,365,85
+,1256,103,730,825,497,248,599,506,226,605
+,1273,681,272,106,799,846,725,499,574,621
+,1148,579,384,621,531,891,947,683,391,43
+,878,110,604,858,812,658,976,100,589,97
+,463,989,782,244,369,594,688,726,925,618
+,2475,834,403,735,762,40,355,662,807,450
+,570,471,587,884,535,38,962,408,832,824
+,2164,762,796,442,685,929,26,221,580,185
+,1665,645,968,336,101,299,942,422,821,29
+,1514,467,869,912,259,367,838,699,352,360
+,2106,988,254,283,456,802,48,332,469,715
+,2856,269,787,812,164,214,571,789,884,560
+,459,329,758,410,771,356,799,835,176,864
+,987,877,91,341,360,631,551,757,824,856
+,2535,233,324,848,313,103,936,739,92,654
+,2758,320,636,509,654,190,774,391,207,271
+,2831,724,497,359,345,825,448,917,370,772
+,2020,982,172,330,16,114,194,595,317,930
+,1183,717,657,573,303,774,573,551,182,407
+,212,712,77,203,95,92,728,612,936,897
+,2663,414,872,269,149,733,348,545,362,406
+,639,943,394,106,865,979,753,834,897,908
+,1229,300,628,583,994,84,331,230,453,845
+,2227,251,561,158,683,280,26,506,229,853
+,2112,224,251,896,231,450,663,831,221,148
+,1752,303,249,987,21,878,626,494,858,449
+,2343,569,564,581,196,422,190,868,531,594
+,2359,642,589,909,923,396,764,267,723,815
+,724,822,820,269,441,379,373,921,947,959
+,2064,327,553,365,78,981,709,137,329,880
+,1657,719,252,814,551,592,131,98,939,803
+,2460,725,487,548,321,107,826,846,618,233
+,675,356,734,718,660,999,567,840,229,476
+,2581,588,856,54,471,633,448,509,605,446
+,1150,976,175,22,573,459,572,665,58,917
+,1201,488,888,723,151,65,698,362,66,977
+,2985,282,583,258,970,918,745,28,730,612
+,2103,441,721,782,965,136,405,220,677,462
+,1625,551,713,690,311,338,238,583,817,896
+,763,968,416,147,784,552,697,600,322,883
+,2628,994,624,54,729,772,366,601,122,793
+,197,72,628,65,542,423,747,165,750,199
+,884,615,792,777,183,855,185,30,664,951
+,190,746,122,339,91,96,968,413,587,717
+,174,701,396,824,417,390,713,485,141,867
+,2845,187,98,318,363,181,724,440,900,258
+,137,92,188,266,411,205,232,359,662,648
+,971,347,462,769,96,536,263,20,900,620
+,1406,570,60,699,382,97,172,1,986,541
+,312,4,334,393,313,28,819,926,581,576
+,766,879,71,978,176,193,651,635,510,186
+,2448,223,999,353,99,893,699,934,158,614
+,1362,587,181,912,451,723,866,900,790,181
+,1532,152,833,838,455,31,637,39,957,550
+,874,981,812,963,123,826,956,319,957,298
+,640,357,699,184,604,530,171,921,102,509
+,194,617,158,627,942,345,960,465,950,674
+,2924,851,398,802,458,966,119,684,567,67
+,2160,252,374,144,245,983,837,502,192,813
+,2324,42,366,60,938,943,491,830,863,931
+,928,724,772,859,605,101,868,532,93,679
+,694,328,933,539,576,588,719,544,534,403
+,2384,559,658,205,289,328,138,458,781,202
+,2183,966,641,436,413,445,386,84,502,24
+,2170,106,329,574,495,624,398,313,509,805
+,880,294,789,700,715,56,540,851,42,192
+,440,91,314,913,601,765,921,584,555,177
+,1799,321,756,49,547,28,48,989,310,394
+,1129,360,987,550,53,843,845,700,894,444
+,1333,520,536,869,182,520,379,697,715,45
+,2419,219,101,468,972,190,913,226,729,327
+,2683,731,208,507,211,584,655,627,15,46
+,1437,390,210,921,705,119,946,297,4,926
+,2748,675,833,937,851,338,181,399,846,233
+,2960,939,857,411,45,159,145,613,252,636
+,2623,264,903,944,432,696,584,727,884,923
+,1035,317,209,962,899,669,754,935,279,419
+,1693,10,425,843,423,386,284,862,922,194
+,2454,797,499,259,614,10,641,709,404,42
+,2884,785,459,131,678,706,228,72,652,117
+,2952,162,923,810,500,68,187,549,335,171
+,2724,757,262,978,697,732,952,711,407,291
+,2559,293,291,876,583,267,111,779,122,404
+,1574,906,905,206,973,88,568,866,509,205
+,2200,530,36,480,490,111,114,234,38,853
+,1198,188,85,780,710,825,69,247,446,630
+,1296,448,756,146,452,611,787,42,678,956
+,1278,785,997,193,786,215,742,325,44,582
+,563,971,156,349,880,973,256,943,179,358
+,1968,205,923,659,57,400,389,156,969,298
+,134,65,230,188,642,199,343,673,738,449
+,2179,892,451,71,863,251,616,541,294,570
+,2123,146,560,987,325,58,114,701,66,419
+,1995,547,17,633,737,173,741,955,329,379
+,165,146,923,106,700,239,6,390,3,576
+,2530,833,396,787,580,122,877,229,780,643
+,2057,577,558,75,20,664,843,932,487,959
+,1458,660,395,289,702,630,396,460,932,766
+,1004,699,502,627,256,353,651,465,490,941
+,1724,156,465,549,900,368,229,147,293,652
+,1405,178,986,990,397,263,903,164,376,757
+,2635,442,824,307,147,43,470,420,727,900
+,822,872,232,411,128,860,641,361,213,964
+,2061,431,904,427,471,751,463,454,975,397
+,1978,372,345,333,681,408,136,740,542,210
+,63,222,729,195,582,199,970,894,746,675
+,1317,633,372,921,474,561,883,782,811,418
+,2897,659,314,218,402,144,481,111,555,667
+,2397,307,926,852,978,793,890,638,422,52
+,1067,222,345,564,911,160,675,393,959,529
+,1349,184,965,453,24,710,211,395,581,683
+,1489,279,763,696,576,787,159,656,411,588
+,88,820,202,154,421,324,479,251,888,756
+,2128,780,953,498,323,625,955,781,627,543
+,2013,643,896,36,692,99,805,66,87,21
+,1031,942,882,890,54,339,873,92,320,953
+,925,365,207,761,154,980,218,314,860,67
+,2198,638,931,323,597,926,848,457,486,346
+,2690,179,296,310,103,821,575,163,922,901
+,1051,167,425,121,545,932,633,419,162,575
+,741,643,480,716,287,706,868,925,255,999
+,1820,679,968,150,931,455,99,773,40,138
+,2329,390,484,388,488,174,785,20,600,704
+,975,371,953,451,598,585,186,458,915,20
+,2986,503,969,687,580,352,906,347,87,907
+,1527,70,181,138,639,307,693,403,938,153
+,2737,957,809,983,684,201,984,649,328,299
+,1958,811,971,805,85,363,617,818,506,16
+,2607,912,604,427,173,373,871,258,196,525
+,1519,532,925,937,24,501,326,927,170,53
+,259,244,717,313,269,459,443,345,41,279
+,107,777,672,469,675,82,340,564,32,133
+,543,948,639,10,752,587,19,309,389,204
+,2989,481,389,397,36,711,688,276,713,384
+,2620,375,822,524,874,802,434,416,724,350
+,663,965,354,736,267,565,197,500,288,273
+,2239,935,460,940,687,86,824,682,935,326
+,487,521,917,116,23,830,131,825,780,109
+,1614,76,181,382,66,157,585,820,242,797
+,733,884,77,9,740,13,754,826,349,891
+,30,632,72,159,596,641,988,892,992,471
+,1964,894,338,804,680,108,627,124,57,721
+,52,204,940,763,948,83,190,93,735,974
+,2763,3,443,810,702,238,215,51,734,81
+,225,328,640,542,197,487,837,202,725,507
+,357,723,190,480,294,749,692,606,885,881
+,1802,453,189,519,6,81,180,997,202,269
+,1763,899,555,589,996,193,716,126,719,779
+,266,192,191,868,329,774,233,166,404,650
+,2039,606,303,615,422,518,655,292,223,436
+,567,844,353,753,246,543,7,670,911,991
+,2017,257,288,772,165,66,63,64,505,352
+,1220,750,61,634,773,837,440,81,690,782
+,1907,733,456,12,1000,762,690,90,326,602
+,302,938,936,370,714,697,620,694,982,67
+,1585,268,744,859,326,461,366,760,830,491
+,2749,511,307,781,500,320,559,762,194,233
+,477,174,43,707,361,419,476,901,472,332
+,2308,815,866,967,995,412,474,889,920,475
+,2943,156,145,755,768,394,429,972,25,894
+,2828,807,324,390,891,647,152,409,374,14
+,2412,810,837,677,927,176,154,607,968,188
+,1567,97,16,400,483,153,277,345,202,22
+,1921,401,162,310,849,978,874,562,284,233
+,2218,498,621,741,511,443,445,970,872,163
+,1156,992,681,61,361,984,108,68,975,331
+,2860,488,622,296,144,240,531,965,506,822
+,257,426,502,13,979,315,646,162,346,645
+,498,700,633,439,626,124,613,132,542,288
+,683,742,382,826,705,884,131,378,578,993
+,1611,64,18,457,378,427,252,214,967,334
+,103,239,931,892,924,320,649,937,923,995
+,43,805,287,568,348,591,812,339,715,199
+,2829,130,988,329,800,647,586,994,933,234
+,2401,607,624,242,832,839,255,500,576,481
+,1314,19,320,523,901,97,393,768,151,638
+,434,83,541,502,473,617,922,912,969,981
+,1357,272,68,460,398,796,197,810,788,282
+,2935,146,372,868,796,60,485,252,228,648
+,1735,335,364,844,635,494,575,149,802,279
+,250,327,496,321,619,904,549,204,843,830
+,388,192,980,945,611,619,123,302,751,62
+,2028,906,199,536,818,516,289,254,809,385
+,2455,717,838,873,11,305,267,209,147,303
+,124,29,667,659,780,431,80,377,476,794
+,2721,151,457,640,391,568,160,608,454,776
+,2114,110,959,280,466,282,202,723,621,464
+,2434,166,600,131,330,979,17,126,53,888
+,752,565,488,377,145,322,851,737,384,563
+,1821,643,444,661,331,405,182,334,627,856
+,203,35,659,289,331,579,774,582,40,904
+,742,57,740,734,730,135,508,65,949,69
+,483,155,104,535,167,962,730,240,94,772
+,910,995,365,346,83,422,351,768,71,504
+,1905,558,63,537,426,657,808,405,711,158
+,2519,842,91,833,212,459,162,118,781,933
+,2217,267,232,245,57,660,699,571,24,53
+,1847,863,714,230,490,43,43,224,776,238
+,67,156,977,891,140,512,327,330,396,774
+,572,686,405,19,522,783,296,504,24,685
+,835,713,424,563,69,41,204,603,36,213
+,1260,596,503,7,357,718,82,595,902,376
+,2009,920,848,168,406,217,155,549,7,937
+,202,762,637,288,272,569,383,523,397,163
+,1341,206,772,622,262,342,200,334,919,266
+,2262,122,666,292,462,29,456,617,990,667
+,1949,524,788,415,209,189,115,42,396,823
+,1488,760,955,895,210,204,777,583,753,765
+,1520,852,706,690,219,907,607,837,310,369
+,2012,55,663,641,235,580,911,905,863,258
+,2920,523,24,317,12,221,849,185,881,341
+,2278,511,969,737,397,737,335,468,400,616
+,1426,169,942,503,491,574,611,292,814,683
+,1521,960,254,79,631,109,905,0,873,31
+,1373,51,877,11,969,280,952,0,310,455
+,759,746,581,984,163,99,54,376,220,661
+,929,994,433,759,897,381,77,286,427,669
+,2332,304,788,35,920,122,309,145,269,467
+,277,954,908,819,936,209,123,941,651,762
+,1100,698,811,31,901,953,954,487,178,14
+,1920,88,742,240,466,890,907,593,711,570
+,199,276,23,719,576,491,64,748,708,156
+,2810,66,407,694,386,30,38,509,442,850
+,2665,422,179,996,13,590,918,45,672,64
+,623,788,897,287,726,288,736,490,207,821
+,76,24,687,278,986,892,192,240,706,458
+,92,1,665,45,894,576,855,877,445,572
+,2498,719,500,810,237,732,868,760,48,293
+,238,90,612,376,467,840,483,557,167,382
+,2653,923,380,743,564,553,149,328,752,654
+,1329,416,178,594,411,381,478,355,785,299
+,2415,833,688,769,910,506,691,555,417,368
+,1435,442,88,616,259,906,140,340,946,367
+,950,477,461,771,552,882,696,168,911,43
+,1687,518,940,880,640,148,613,349,553,647
+,1301,762,163,871,817,587,142,1000,835,811
+,129,844,709,405,83,843,429,901,114,513
+,1326,42,532,106,589,4,260,956,563,680
+,453,168,757,232,700,726,806,342,500,119
+,1249,749,856,816,382,561,959,404,535,672
+,671,402,224,590,359,767,417,704,769,108
+,1149,655,659,464,159,854,710,916,771,192
+,1268,0,914,812,992,516,819,110,507,147
+,2424,73,711,972,313,247,773,415,310,845
+,965,554,653,98,974,834,195,24,16,31
+,2757,123,212,190,847,794,696,73,68,259
+,2340,973,121,432,967,366,677,412,10,714
+,2738,307,351,397,383,213,311,438,634,603
+,760,489,650,629,607,42,695,503,1000,32
+,1307,327,359,31,261,717,484,881,816,392
+,1684,551,788,100,432,705,601,635,901,359
+,1977,994,701,502,27,389,39,985,499,777
+,1197,88,486,258,556,94,84,251,741,850
+,2421,646,944,96,465,388,767,345,247,618
+,2362,35,330,317,565,795,720,875,462,221
+,1533,420,97,10,700,131,607,883,691,799
+,2264,957,518,455,70,514,185,474,281,713
+,754,397,820,947,548,669,741,49,259,599
+,2877,714,529,502,178,923,462,300,874,166
+,253,297,615,339,436,112,703,158,991,857
+,1098,203,493,497,255,5,396,794,762,826
+,2754,927,180,791,385,44,309,187,228,348
+,28,699,597,865,505,234,730,455,827,717
+,808,933,118,103,168,142,135,758,969,619
+,1619,24,448,508,375,813,715,440,21,725
+,1994,919,710,377,650,556,108,428,485,34
+,1770,446,570,718,432,68,66,89,269,898
+,2534,680,366,486,410,519,941,249,928,950
+,1757,140,123,24,165,88,584,191,680,201
+,2695,675,559,382,570,269,489,68,994,808
+,813,189,596,423,118,573,40,237,207,150
+,1935,136,764,718,400,11,380,61,522,807
+,2284,115,537,681,272,599,543,9,310,901
+,1385,140,327,942,249,881,491,820,218,193
+,462,486,489,490,219,101,176,397,566,648
+,1544,554,879,823,72,149,683,130,878,522
+,288,881,778,69,489,525,74,579,168,252
+,154,771,423,859,640,370,960,230,847,268
+,959,61,770,442,43,891,328,799,404,28
+,235,687,743,953,382,400,460,620,856,887
+,1861,766,929,130,490,629,972,809,521,910
+,2416,661,892,773,650,161,247,613,533,294
+,2033,791,76,443,614,31,427,67,575,86
+,2517,913,795,149,791,656,40,378,284,402
+,1651,475,665,826,939,349,310,856,548,619
+,2809,941,315,875,971,481,523,499,395,775
+,2557,859,704,603,711,573,945,698,619,613
+,526,804,587,140,480,345,93,708,501,998
+,336,545,529,631,646,64,257,644,274,956
+,1700,895,295,608,525,233,320,949,927,331
+,558,245,579,195,356,995,313,196,845,343
+,1027,692,421,285,270,612,434,685,674,192
+,1889,627,911,805,142,821,788,704,302,194
+,749,702,370,729,555,566,328,209,817,473
+,1104,532,177,120,741,740,897,298,653,252
+,1610,612,808,648,850,345,187,908,663,829
+,270,383,251,401,495,734,277,954,581,470
+,2210,349,149,260,620,73,258,127,989,385
+,359,563,402,3,68,193,831,956,260,950
+,850,465,957,563,597,840,283,523,581,430
+,1530,272,52,437,643,501,609,110,487,447
+,2908,320,122,143,185,125,370,778,820,55
+,1830,867,71,284,110,561,548,274,130,802
+,184,947,760,703,433,209,40,912,676,580
+,269,10,114,345,1000,639,736,283,291,440
+,1499,236,225,633,618,584,769,273,950,565
+,747,860,242,155,23,566,598,324,780,225
+,1186,825,989,844,392,208,554,631,17,977
+,68,93,584,758,628,997,276,828,497,127
+,2991,252,865,416,226,247,470,624,169,913
+,1615,939,225,286,109,3,244,687,315,445
+,632,881,614,869,395,456,218,237,102,867
+,2381,418,729,454,453,153,756,909,393,871
+,1323,768,389,23,554,783,278,210,902,689
+,2496,447,808,896,536,350,329,21,511,519
+,198,397,858,452,621,210,381,147,720,79
+,2652,857,715,699,386,172,806,413,212,223
+,2672,361,414,280,254,732,297,920,236,388
+,2373,898,480,983,24,702,957,576,249,660
+,2255,66,463,730,819,22,398,585,353,368
+,2091,20,502,446,741,456,931,434,91,447
+,1571,356,234,275,375,933,266,490,161,172
+,1476,874,599,660,529,613,543,829,200,866
+,1547,390,373,49,778,234,92,724,937,162
+,1388,630,712,566,51,256,81,537,954,261
+,513,152,300,145,879,446,285,891,937,190
+,2457,419,319,170,533,68,237,892,94,635
+,389,586,670,801,803,892,976,887,964,758
+,1303,295,561,481,964,433,916,171,241,17
+,448,984,200,617,729,78,68,791,103,275
+,2280,801,183,546,127,797,473,566,779,377
+,2704,183,156,546,954,191,251,805,8,333
+,1243,175,784,278,525,832,21,512,516,916
+,471,403,138,171,49,480,159,866,135,247
+,2858,623,854,376,587,801,285,473,251,465
+,1986,727,112,730,254,165,655,620,772,43
+,586,386,139,0,294,471,541,818,501,693
+,1705,404,563,554,743,413,910,537,477,985
+,1017,965,532,362,805,620,591,735,857,767
+,1526,769,257,536,959,417,170,515,878,511
+,1241,824,37,211,75,614,376,862,305,118
+,2903,925,422,391,384,306,382,24,322,498
+,1982,768,16,220,445,793,653,768,150,460
+,1593,604,809,776,767,143,664,812,309,405
+,2606,145,16,922,232,925,449,258,498,408
+,1771,729,476,380,903,209,474,133,425,982
+,2036,251,970,149,918,655,944,103,302,383
+,16,358,476,931,395,908,669,893,443,79
+,562,301,363,840,524,564,488,41,956,889
+,2138,490,69,360,339,198,317,944,518,169
+,1348,103,149,762,728,575,276,61,25,521
+,2391,645,533,380,24,459,413,342,817,627
+,44,355,636,334,291,376,52,820,529,599
+,2854,904,448,776,499,443,781,526,37,682
+,2562,561,746,766,579,518,68,991,157,955
+,605,386,338,676,731,450,749,739,650,273
+,1177,145,780,936,201,95,631,393,282,403
+,735,42,45,310,12,976,136,199,428,582
+,2805,427,818,845,904,155,437,560,581,261
+,781,215,0,67,167,879,38,271,744,494
+,2820,67,224,479,937,169,947,688,505,116
+,218,685,470,831,920,350,631,745,381,871
+,989,978,979,264,590,571,561,910,922,833
+,2420,338,646,680,334,539,159,683,698,855
+,2938,603,532,698,285,825,608,796,918,251
+,407,834,22,444,494,278,336,962,521,307
+,618,996,741,414,52,974,605,307,820,883
+,2964,109,843,151,568,228,864,802,224,901
+,2184,254,475,926,156,948,100,714,555,517
+,512,422,760,409,429,580,339,306,83,248
+,1413,638,492,971,950,678,67,793,321,948
+,2258,58,446,415,834,442,157,424,484,31
+,1308,960,379,121,315,241,498,900,503,950
+,612,405,602,219,415,440,869,240,293,249
+,1203,823,168,344,163,612,334,607,385,873
+,707,103,84,84,815,755,8,153,553,438
+,904,918,94,956,993,812,827,714,663,155
+,151,2,482,181,33,136,298,863,375,695
+,323,940,846,716,365,682,585,89,41,169
+,2048,317,338,102,39,596,84,40,629,0
+,1387,944,196,808,174,918,400,843,502,110
+,589,607,298,630,856,538,73,851,627,291
+,2149,66,473,620,872,266,161,658,794,716
+,2982,98,508,621,229,705,290,32,402,872
+,1647,680,166,711,484,829,463,367,974,521
+,1840,300,669,722,834,410,428,826,952,240
+,19,867,316,682,334,215,246,472,152,720
+,2095,37,81,60,601,896,120,151,110,459
+,2380,152,740,75,289,788,340,704,327,593
+,941,735,493,445,419,125,952,659,684,965
+,520,565,746,601,309,959,726,214,917,484
+,1306,34,372,160,400,196,353,67,50,32
+,2223,873,822,258,398,191,832,509,474,674
+,475,407,802,726,883,331,460,136,835,334
+,293,989,724,432,674,322,981,937,769,580
+,1194,716,188,7,890,802,168,977,256,425
+,2428,498,896,342,151,43,905,143,245,525
+,1019,507,980,284,929,207,738,184,427,39
+,493,9,646,369,728,351,819,629,381,345
+,1399,107,494,790,844,992,513,206,216,151
+,1269,696,674,878,754,761,517,280,543,400
+,783,541,604,627,948,626,201,445,788,972
+,1951,819,40,465,987,736,605,560,297,551
+,1248,467,45,291,340,18,417,603,642,988
+,161,64,485,849,899,427,951,474,936,905
+,358,585,236,945,322,854,605,228,460,271
+,2973,912,667,872,39,836,234,684,926,593
+,368,404,271,4,543,234,41,227,974,841
+,1623,244,406,2,440,48,981,77,821,822
+,1396,548,833,921,559,962,426,16,513,889
+,2211,750,813,785,655,806,313,787,614,679
+,843,508,594,218,546,677,565,294,798,118
+,2521,240,947,398,574,743,336,181,558,671
+,500,14,701,439,81,336,662,251,969,491
+,2449,101,132,953,767,748,264,173,673,299
+,882,263,425,165,927,436,208,746,167,370
+,767,783,954,295,316,555,708,561,654,70
+,2502,159,894,124,873,959,3,976,245,67
+,600,788,813,776,967,276,988,183,116,783
+,114,345,124,512,784,855,798,547,476,523
+,1630,492,684,629,284,804,85,364,807,94
+,664,180,397,825,193,558,967,256,742,18
+,94,935,635,823,992,812,784,88,64,166
+,59,350,164,534,834,706,547,198,490,946
+,1850,646,359,30,348,873,398,811,774,442
+,613,826,524,794,831,412,217,171,194,635
+,1421,495,792,600,765,714,68,999,762,232
+,340,672,956,934,799,506,570,789,468,396
+,908,657,377,203,921,42,37,463,192,3
+,1963,363,17,680,956,381,664,346,425,767
+,2514,7,992,322,882,474,87,137,863,98
+,2228,533,574,784,119,607,139,484,506,566
+,1297,743,779,348,122,639,830,33,805,855
+,1557,324,251,319,549,841,435,300,39,879
+,201,56,961,307,680,987,140,712,264,835
+,888,156,287,348,870,421,76,998,543,372
+,185,510,315,756,307,416,23,26,291,335
+,2785,728,95,890,140,953,537,617,613,872
+,465,371,116,97,998,270,786,341,325,909
+,588,187,590,217,596,819,80,237,50,283
+,1886,861,778,563,772,554,934,879,81,831
+,1401,562,957,591,891,707,559,304,928,565
+,2686,304,102,916,413,770,953,41,319,940
+,480,430,95,673,341,275,758,53,140,70
+,140,971,967,602,4,109,912,488,43,480
+,1264,369,415,554,109,270,162,605,962,574
+,73,813,253,83,342,172,189,664,940,582
+,1108,887,106,645,831,17,481,223,746,725
+,2622,173,755,980,841,884,698,521,244,417
+,2441,697,535,896,279,590,813,747,794,862
+,1555,504,560,243,60,440,216,627,682,397
+,1817,844,540,299,352,139,414,997,604,421
+,1471,592,294,275,255,631,876,910,127,723
+,1283,261,663,619,509,1,117,415,604,195
+,2060,259,707,131,590,188,833,656,594,122
+,2508,687,254,135,728,41,236,255,762,47
+,2551,73,700,404,136,988,223,283,982,115
+,1759,2,667,215,734,113,849,712,14,423
+,1381,349,211,457,147,150,741,663,804,126
+,1745,377,332,1000,420,387,675,531,696,281
+,672,679,206,878,650,149,211,398,361,192
+,1744,681,878,969,678,248,501,500,971,280
+,2107,50,258,3,443,474,162,62,800,910
+,1330,61,766,469,536,296,208,423,113,902
+,2825,144,290,286,181,436,787,14,484,804
+,1418,542,66,600,465,356,310,659,229,460
+,2789,704,884,282,859,488,986,399,276,164
+,693,225,448,926,136,17,799,240,660,497
+,2632,224,971,564,521,657,956,148,112,274
+,1600,379,534,260,706,101,278,882,674,528
+,961,317,764,413,20,64,580,980,906,109
+,153,920,289,258,829,250,775,980,684,953
+,316,876,628,588,818,946,542,943,187,642
+,2344,1000,541,3,152,981,20,335,786,706
+,2902,567,429,581,349,1,492,198,191,111
+,839,313,738,782,435,257,712,823,278,600
+,295,643,411,685,862,983,616,578,577,365
+,1479,389,483,639,200,911,250,332,46,878
+,31,365,482,777,246,545,341,504,233,441
+,2834,575,16,706,78,105,578,917,140,236
+,1864,887,44,209,478,422,547,756,74,105
+,1077,999,561,451,735,138,226,755,219,223
+,204,99,37,262,11,940,601,418,123,287
+,901,602,911,460,914,214,95,348,945,242
+,1730,121,95,824,256,810,612,549,764,644
+,1790,779,246,45,487,705,283,554,171,673
+,2347,712,746,6,948,862,501,836,221,814
+,1781,908,338,102,90,515,596,234,947,589
+,2503,0,437,713,357,957,365,771,463,569
+,1208,168,27,756,99,642,585,21,683,281
+,2912,176,842,160,239,755,46,750,183,200
+,258,214,202,135,302,471,62,677,460,231
+,75,137,32,120,743,934,741,209,375,642
+,1014,901,779,306,854,703,442,157,704,64
+,2302,922,162,485,387,7,175,383,35,545
+,1335,700,863,914,430,111,86,782,161,216
+,2018,157,425,111,445,234,716,832,170,272
+,1622,532,730,568,905,693,543,972,922,954
+,1359,920,984,939,599,337,907,463,161,848
+,790,545,676,580,220,976,459,435,176,625
+,780,813,455,285,323,266,620,219,948,751
+,1661,790,855,20,200,415,302,384,791,548
+,1870,949,93,895,595,118,815,711,129,922
+,1444,235,754,717,546,972,877,115,573,490
+,2710,931,665,594,729,755,836,138,54,530
+,1525,551,896,237,818,129,246,929,51,520
+,2417,621,556,905,75,247,551,565,85,347
+,89,550,95,265,267,340,562,139,847,182
+,841,437,502,870,858,210,143,822,808,225
+,1588,651,91,530,151,639,452,73,432,738
+,1753,559,82,755,778,329,471,168,697,282
+,478,345,30,33,783,11,798,27,793,680
+,2216,24,883,829,740,31,85,330,168,775
+,1171,827,652,599,83,84,704,194,492,975
+,2219,100,449,802,915,551,663,380,58,806
+,1428,766,991,619,26,736,153,361,320,388
+,2746,117,813,936,516,661,296,770,299,267
+,2839,87,558,832,151,614,684,590,552,488
+,659,502,534,932,786,78,154,179,844,781
+,1910,513,636,807,43,321,388,480,41,519
+,2540,478,26,45,613,50,2,677,267,907
+,772,386,353,651,349,90,370,741,528,281
+,2403,153,414,386,576,125,241,422,152,816
+,1562,523,233,329,378,677,50,374,317,841
+,1130,803,590,384,747,42,565,731,40,640
+,680,54,416,212,246,420,616,876,628,571
+,706,632,363,805,17,790,639,797,651,975
+,991,876,946,538,189,128,66,62,274,821
+,2108,950,125,886,401,258,854,541,127,911
+,2994,937,541,756,5,267,640,750,264,985
+,304,659,181,560,971,485,510,901,953,254
+,1772,198,387,735,782,192,541,663,65,409
+,2451,248,158,689,67,144,713,409,633,694
+,1351,743,174,534,585,660,685,682,748,314
+,1187,304,162,21,248,900,429,774,734,133
+,2840,739,742,865,541,441,219,106,317,983
+,1715,257,84,473,894,41,841,399,298,968
+,2176,399,160,363,968,768,382,775,297,887
+,2813,43,191,412,807,234,738,691,377,348
+,579,699,191,300,196,982,886,933,746,23
+,5,86,481,386,315,421,811,286,883,297
+,1680,589,983,834,543,517,938,940,23,790
+,547,748,111,377,247,569,714,512,531,182
+,1039,282,339,742,995,137,476,624,851,713
+,2355,689,704,348,38,296,703,654,58,873
+,1913,244,209,938,221,213,993,783,843,363
+,696,848,538,263,601,322,904,725,125,404
+,849,227,826,144,825,104,92,96,728,614
+,1749,538,477,738,899,806,126,557,49,621
+,1617,203,246,607,93,646,695,202,504,221
+,1582,414,659,330,231,40,903,416,875,35
+,565,78,979,85,940,768,626,779,517,508
+,142,984,335,398,97,472,983,512,878,416
+,2115,565,737,884,537,913,8,10,933,189
+,279,840,27,830,30,600,109,342,797,424
+,1800,562,130,857,611,536,946,13,250,704
+,1528,341,483,652,719,509,270,746,290,842
+,1040,122,983,742,929,425,938,3,903,635
+,1227,218,401,376,624,811,354,137,907,59
+,1887,318,618,72,827,126,891,538,654,790
+,390,293,111,552,299,231,236,406,542,488
+,2485,858,27,600,142,774,417,199,174,834
+,296,161,964,220,621,616,517,151,75,245
+,1128,281,343,345,428,78,94,261,956,37
+,935,763,877,748,301,133,532,548,417,963
+,499,43,849,375,645,21,796,811,345,243
+,967,958,404,438,445,989,809,761,47,531
+,2287,98,119,764,131,436,799,866,18,961
+,2248,966,197,895,56,532,906,208,369,399
+,1709,905,622,90,837,892,781,27,395,157
+,1701,466,74,328,962,763,217,102,975,179
+,1119,223,260,919,348,364,53,837,440,521
+,1195,187,446,585,111,497,641,867,496,434
+,2291,574,659,924,146,636,215,537,851,270
+,630,767,986,41,118,247,311,917,567,5
+,481,540,458,798,198,350,305,243,488,883
+,1890,934,563,754,915,541,139,417,47,217
+,464,660,383,629,741,127,54,104,683,379
+,2411,707,710,18,620,841,48,519,377,578
+,2240,724,66,822,296,292,587,186,957,16
+,1671,463,261,596,826,169,412,774,612,723
+,56,638,965,640,430,785,639,586,827,384
+,1272,799,672,303,850,565,657,619,777,614
+,648,747,692,694,779,874,467,91,910,534
+,2811,148,548,802,374,593,393,652,974,582
+,2939,150,338,578,105,301,21,790,512,908
+,2429,583,633,811,998,877,199,976,179,911
+,1985,110,189,859,799,826,839,228,301,799
+,2843,794,992,440,413,577,573,983,960,56
+,1179,637,716,23,571,484,158,407,655,120
+,2648,782,427,995,913,31,657,452,178,767
+,2918,316,575,965,741,233,532,621,225,333
+,2605,678,616,929,370,665,249,920,972,532
+,211,673,918,574,775,17,856,838,291,847
+,1810,918,352,983,417,908,679,120,145,923
+,2041,579,624,444,349,30,562,823,869,802
+,2940,415,604,781,367,557,692,150,444,676
+,768,95,802,563,391,586,387,352,416,645
+,222,945,849,221,15,575,493,828,436,100
+,1692,850,702,903,149,784,194,826,541,321
+,1892,344,945,768,123,257,863,196,795,273
+,4,554,152,246,601,815,791,318,870,521
+,1655,641,920,41,875,30,852,982,168,489
+,474,229,1,6,683,872,526,444,614,400
+,1324,906,398,64,56,119,853,781,396,515
+,2336,76,83,684,197,833,626,342,843,992
+,2889,874,26,49,968,67,384,540,57,626
+,360,285,82,300,644,621,74,878,755,329
+,2342,464,417,792,181,883,644,534,200,892
+,150,972,453,657,421,642,147,51,747,377
+,1640,652,286,276,17,917,507,451,453,613
+,2144,400,166,59,731,965,459,906,143,743
+,2029,781,883,421,687,133,610,140,352,19
+,2553,817,94,763,893,503,742,640,845,485
+,1350,393,945,48,164,578,716,954,616,68
+,658,796,269,23,406,959,536,690,546,269
+,428,993,199,203,207,464,237,91,959,135
+,1315,953,321,366,732,952,175,207,353,937
+,1365,410,111,478,557,949,81,475,10,209
+,2491,920,929,168,694,104,80,617,167,0
+,1425,115,224,768,432,243,844,525,685,325
+,1925,478,507,559,587,999,353,385,124,194
+,373,458,76,912,683,558,303,314,270,606
+,2180,743,984,172,885,592,330,48,144,884
+,2366,301,522,44,996,837,96,441,282,291
+,743,242,462,209,698,256,851,104,407,481
+,2753,110,949,145,926,474,758,809,511,683
+,2468,174,937,191,76,14,853,165,654,94
+,2546,503,915,840,603,549,847,186,104,643
+,717,267,531,952,997,429,175,586,559,348
+,2327,849,503,803,748,703,621,448,239,776
+,1103,887,846,237,895,842,552,248,897,117
+,84,527,181,556,697,326,418,29,346,234
+,2766,768,460,982,756,23,504,804,719,602
+,374,736,651,438,412,697,949,121,464,489
+,2307,62,412,881,960,508,241,921,414,530
+,1025,826,150,880,811,15,373,782,2,385
+,2272,147,86,674,860,175,184,229,644,357
+,1769,690,163,88,402,695,894,675,374,15
+,2862,343,552,458,959,107,703,271,414,583
+,329,750,74,535,666,788,959,178,74,584
+,1793,335,581,407,992,467,773,608,977,40
+,2022,604,547,791,698,274,240,440,638,623
+,2049,295,802,559,888,16,975,162,129,913
+,2610,38,871,338,817,34,974,619,708,747
+,2489,678,861,555,443,998,736,612,733,708
+,1245,519,992,298,663,133,305,903,620,345
+,1919,753,624,524,566,644,67,662,86,290
+,509,462,641,558,519,468,985,829,769,934
+,1798,711,670,451,93,365,945,183,240,916
+,1182,411,458,399,489,200,552,787,995,672
+,2812,26,956,630,462,281,389,798,79,986
+,679,65,736,642,679,996,472,506,625,544
+,244,393,554,153,877,638,588,937,446,517
+,2914,735,865,157,857,854,132,327,528,590
+,582,505,767,39,809,658,544,325,697,536
+,1088,408,658,190,698,640,811,243,377,53
+,2582,275,904,30,679,916,888,369,773,399
+,2456,745,634,339,702,467,582,39,31,689
+,470,171,286,921,554,180,797,764,350,872
+,2714,274,257,186,956,536,402,471,607,403
+,810,143,361,846,834,626,301,190,653,252
+,2158,974,136,699,545,757,589,867,275,808
+,956,850,887,227,887,963,199,559,983,923
+,291,586,956,105,348,414,168,266,81,700
+,1859,937,335,191,545,779,345,739,954,494
+,1158,935,967,351,398,171,991,589,175,413
+,1180,603,226,889,711,227,351,542,622,800
+,948,378,104,228,881,962,516,108,573,727
+,133,378,374,26,974,661,501,531,269,979
+,1192,972,870,572,332,16,624,328,774,499
+,1924,696,294,844,267,229,7,198,313,643
+,2852,122,898,691,915,524,844,590,76,948
+,1673,115,935,492,613,495,168,48,203,534
+,10,721,341,595,241,275,812,38,88,858
+,641,215,403,314,90,333,300,464,110,334
+,307,335,207,109,221,746,177,374,634,907
+,711,837,429,487,745,866,973,537,99,243
+,982,436,458,871,324,46,16,982,635,272
+,643,866,153,713,885,658,821,111,290,973
+,332,811,89,36,794,362,181,467,392,630
+,2615,970,124,712,605,536,484,574,61,619
+,2891,854,134,775,489,6,278,369,132,240
+,851,526,539,571,877,785,356,411,166,911
+,406,957,338,570,828,934,828,794,438,426
+,246,978,332,884,791,597,518,425,811,772
+,2541,551,452,286,305,883,171,141,504,723
+,1756,522,345,758,914,685,286,554,647,347
+,1217,602,432,987,372,815,887,324,806,729
+,1813,628,294,182,514,131,311,980,629,932
+,1845,990,84,831,709,438,340,26,139,954
+,2379,6,903,40,43,159,820,314,381,654
+,2140,600,662,899,237,74,981,242,134,658
+,924,845,904,846,118,818,333,889,324,70
+,1704,5,331,348,492,34,534,208,648,648
+,485,568,755,186,698,102,290,310,291,871
+,2552,537,631,392,395,600,634,733,502,147
+,348,986,870,706,959,227,433,459,920,652
+,2476,451,736,972,299,658,423,153,764,6
+,611,375,866,527,756,720,171,941,377,294
+,621,972,981,71,538,223,824,833,177,724
+,219,827,835,108,754,136,194,856,64,129
+,303,621,146,899,861,660,7,641,312,639
+,2014,60,386,756,8,906,92,532,250,425
+,1641,501,163,208,734,566,474,353,24,545
+,267,785,482,413,531,723,89,681,466,181
+,467,185,921,358,491,475,328,266,764,996
+,1956,575,642,272,495,138,388,158,883,584
+,1034,33,333,145,633,92,523,836,794,875
+,210,759,464,391,921,673,567,246,747,104
+,755,54,562,889,186,735,450,983,123,660
+,1395,179,64,468,703,220,203,453,806,734
+,1804,222,948,578,671,596,989,190,979,857
+,1960,29,333,186,176,158,590,978,580,931
+,1922,219,758,421,902,175,978,103,750,437
+,1164,334,673,874,599,77,655,310,241,566
+,50,147,242,918,170,332,668,372,719,987
+,420,808,591,876,915,553,208,327,569,962
+,2243,273,427,125,500,742,660,474,754,761
+,2320,504,224,165,827,402,296,253,964,20
+,1196,340,267,886,259,591,830,975,793,510
+,223,732,742,119,184,914,457,618,844,868
+,186,596,449,2,191,584,178,450,71,165
+,1123,339,252,682,922,610,479,777,539,932
+,518,736,115,219,502,724,916,837,334,141
+,2446,974,571,968,936,531,248,133,152,28
+,57,691,770,995,100,137,812,373,406,746
+,1238,743,883,55,561,192,177,38,904,45
+,2555,779,567,500,621,830,962,702,906,476
+,1478,515,518,884,582,448,357,700,215,709
+,931,739,721,899,381,683,526,365,189,242
+,1213,547,403,946,62,817,857,944,768,809
+,795,787,41,206,17,284,309,241,944,397
+,411,83,834,586,875,813,587,328,112,471
+,1159,355,855,892,166,976,215,892,745,584
+,2148,950,888,95,23,797,152,658,591,171
+,1132,949,747,964,600,767,356,679,24,94
+,1983,203,489,283,669,888,752,523,197,58
+,886,843,201,933,5,590,425,481,84,215
+,2729,607,511,95,623,990,117,148,407,49
+,758,154,749,155,118,212,161,120,887,703
+,2194,717,983,471,419,477,770,676,142,54
+,489,620,789,763,689,91,118,115,391,412
+,2895,132,935,185,42,123,632,738,32,457
+,788,740,351,677,760,947,541,778,448,954
+,494,202,947,637,764,747,219,37,300,585
+,944,441,389,345,213,549,13,676,183,466
+,2851,897,681,830,308,795,533,106,153,782
+,1255,288,180,102,92,291,23,808,571,699
+,1109,640,537,143,944,345,880,8,590,680
+,2837,137,153,610,293,384,131,17,860,842
+,1441,198,717,867,375,990,358,738,389,859
+,1354,67,829,759,753,670,1,824,953,219
+,1742,682,582,610,353,131,797,711,597,508
+,2953,17,794,99,234,992,464,121,145,282
+,2174,434,957,367,562,334,552,375,396,314
+,2980,946,133,217,866,27,265,964,76,909
+,1511,797,159,26,144,493,952,55,432,126
+,1254,628,165,490,236,570,506,284,61,170
+,996,634,62,453,736,738,987,87,441,436
+,2509,604,22,422,233,133,129,880,288,543
+,907,967,922,109,350,327,267,975,884,162
+,1205,899,700,646,657,7,227,718,727,887
+,381,33,255,60,127,17,630,371,929,926
+,70,979,508,577,936,786,655,462,377,433
+,1835,805,315,637,66,379,453,604,693,797
+,2010,380,291,435,863,176,968,252,257,491
+,1950,108,140,856,829,257,472,444,2,113
+,984,568,60,787,121,816,802,526,125,39
+,2601,27,825,933,754,811,422,567,235,102
+,2563,408,282,781,965,92,500,165,433,528
+,988,557,13,529,99,831,744,686,375,458
+,2806,151,606,31,889,737,110,997,350,721
+,782,474,86,200,520,43,418,463,104,252
+,2116,473,729,234,340,81,992,48,832,891
+,41,369,993,543,976,282,503,307,204,820
+,1131,179,116,720,201,25,17,578,445,186
+,1145,544,880,540,692,363,457,436,720,439
+,1394,259,508,30,209,123,574,5,341,203
+,1058,822,893,795,205,621,412,160,842,829
+,1453,961,450,944,260,858,447,910,403,447
+,868,152,80,361,599,65,537,246,850,141
+,1997,874,486,19,32,58,272,412,424,435
+,2348,318,988,338,641,603,25,773,69,814
+,1331,51,457,602,497,682,478,127,935,258
+,2518,20,766,670,268,599,241,556,786,964
+,117,69,840,732,576,775,716,878,724,646
+,1377,276,587,3,322,255,683,724,67,324
+,2339,176,43,261,625,623,513,38,827,603
+,2426,662,850,612,841,508,951,934,404,802
+,998,541,504,654,229,663,66,203,474,604
+,1846,701,123,833,424,391,617,569,767,299
+,1142,420,929,391,978,101,152,221,496,293
+,354,50,496,491,584,272,254,238,850,178
+,1005,330,447,187,215,754,705,990,527,685
+,1320,609,296,596,582,933,116,625,456,826
+,1099,68,728,842,932,270,169,904,441,868
+,1784,676,142,26,219,478,52,527,471,839
+,2657,553,864,175,108,91,420,56,861,162
+,1980,681,675,28,645,822,676,642,265,97
+,2687,953,923,958,558,966,996,818,85,240
+,1106,700,718,768,629,585,525,609,516,906
+,2137,598,459,922,150,918,114,85,999,455
+,721,22,748,856,550,515,640,601,987,296
+,1783,677,520,31,834,840,871,72,993,559
+,2824,408,915,266,311,547,141,164,776,123
+,1883,969,901,904,364,534,525,755,949,238
+,1483,450,995,519,382,448,954,11,552,176
+,1775,831,26,265,553,47,428,485,327,484
+,432,95,848,862,184,862,193,389,576,87
+,2007,609,412,93,782,663,684,86,956,161
+,2383,912,511,690,836,604,276,810,169,614
+,51,433,573,925,516,154,474,743,770,401
+,1397,965,686,952,868,488,680,650,51,273
+,2634,602,363,234,730,120,264,926,809,90
+,282,594,433,115,363,437,45,506,921,565
+,1517,254,181,499,290,690,915,827,707,566
+,2917,229,341,740,386,362,109,797,953,471
+,2182,817,879,824,674,686,656,407,186,299
+,1422,46,906,619,948,431,718,655,289,855
+,168,385,392,559,254,737,271,958,626,439
+,2781,272,463,523,319,155,66,454,11,156
+,1235,346,104,395,145,163,955,364,593,778
+,417,845,645,416,281,555,559,128,0,514
+,994,587,983,808,797,227,272,547,409,545
+,311,513,233,628,42,901,446,140,264,404
+,812,154,770,539,455,616,589,69,435,22
+,1624,853,64,91,307,75,219,849,115,600
+,1537,774,742,254,366,677,773,614,655,834
+,1277,840,894,209,731,417,110,238,218,486
+,105,417,915,0,349,191,254,44,940,260
+,2549,569,523,96,410,340,798,849,717,22
+,1274,169,368,928,979,285,768,309,507,148
+,670,127,631,99,439,325,665,32,893,197
+,2847,296,280,28,806,580,426,411,865,64
+,687,773,758,495,918,933,953,765,66,790
+,1510,129,716,264,608,551,586,771,559,645
+,1049,559,554,979,929,746,2,887,410,472
+,2470,564,148,99,278,81,453,277,423,529
+,892,107,806,231,859,334,637,189,941,403
+,2310,385,969,271,559,432,631,679,551,632
+,468,937,254,715,998,595,405,713,633,562
+,1939,319,952,518,390,580,319,705,913,887
+,517,335,348,602,267,321,822,675,50,113
+,2651,628,138,739,613,695,184,59,865,703
+,624,489,369,252,713,951,390,910,711,45
+,83,116,72,485,80,432,699,745,63,232
+,816,610,550,770,789,568,826,404,212,431
+,2969,254,420,999,726,663,128,102,527,593
+,127,335,381,613,57,388,497,7,50,25
+,164,671,666,586,308,826,139,305,543,994
+,2630,256,183,48,300,942,385,384,698,885
+,918,804,924,758,882,570,628,445,441,509
+,1433,51,334,808,446,268,165,14,839,809
+,213,318,322,433,885,372,501,774,453,348
+,2821,913,29,584,461,801,975,315,786,326
+,2815,226,196,800,518,824,623,29,435,133
+,1926,877,801,378,264,818,414,896,390,802
+,2660,874,648,188,788,428,344,717,296,55
+,1033,406,647,342,618,622,355,234,947,54
+,1726,711,954,691,435,164,876,191,121,179
+,2968,301,185,986,780,817,462,438,987,902
+,2345,710,672,485,318,410,137,782,323,627
+,1382,399,28,106,80,181,287,726,102,94
+,1338,932,995,872,515,834,979,257,546,816
+,1862,654,397,61,6,778,926,549,15,110
+,866,602,528,405,492,728,506,572,130,200
+,1340,81,177,591,609,903,964,366,454,953
+,2513,918,13,953,821,279,456,138,735,418
+,1065,269,873,168,653,831,435,77,150,747
+,2432,941,168,54,208,541,257,234,753,777
+,744,490,350,233,440,354,713,602,747,395
+,1891,770,545,49,472,567,358,997,838,650
+,555,377,271,970,526,179,317,130,126,687
+,1755,711,769,238,515,332,899,259,370,816
+,343,972,274,48,32,692,967,439,260,312
+,111,376,292,667,478,346,757,149,890,201
+,2311,901,78,114,143,967,198,157,957,730
+,1613,292,788,550,629,783,754,748,1000,503
+,110,962,635,751,835,86,461,448,922,792
+,2910,782,211,248,680,300,660,656,694,760
+,2942,501,173,31,196,888,852,568,551,388
+,1914,173,839,74,919,486,362,731,12,670
+,2797,62,820,867,68,621,802,396,985,252
+,1656,42,261,336,731,650,199,33,395,623
+,1376,235,332,736,558,515,849,148,273,639
+,1592,234,338,868,235,902,312,12,36,878
+,118,883,716,806,649,758,106,527,70,732
+,2707,405,451,485,517,293,526,926,68,862
+,1785,353,176,285,260,260,938,686,978,368
+,1117,268,437,54,845,544,215,839,547,900
+,2870,704,67,486,617,634,222,461,721,803
+,1999,109,15,657,702,666,773,932,819,743
+,903,328,246,659,610,126,150,549,467,983
+,2236,524,676,261,895,551,752,395,823,637
+,2204,593,435,600,540,526,795,158,906,908
+,1716,707,613,62,313,322,492,592,719,136
+,1597,490,107,280,859,460,697,140,259,385
+,1223,37,829,91,882,746,612,553,765,986
+,1440,727,258,179,274,135,926,208,851,570
+,24,231,606,460,166,533,241,243,581,811
+,1953,154,999,115,661,675,562,511,30,401
+,1558,836,160,966,902,580,215,176,529,887
+,2358,946,50,728,591,570,946,217,171,149
+,80,45,835,119,15,189,235,179,910,2
+,1595,64,708,534,395,472,444,388,117,46
+,1720,30,520,861,646,611,687,888,571,941
+,847,692,492,732,395,124,11,560,85,837
+,255,193,381,392,815,95,295,63,939,741
+,1703,919,566,296,950,326,665,249,656,966
+,1908,603,522,773,48,805,494,282,431,801
+,2222,784,876,563,656,141,199,322,316,418
+,1355,602,323,852,692,809,100,35,3,203
+,1669,791,17,468,855,769,413,937,186,3
+,1699,836,835,285,966,337,975,760,602,388
+,263,854,76,339,20,924,705,47,446,443
+,876,918,684,399,432,275,94,75,13,926
+,625,402,938,379,306,888,88,725,92,720
+,1568,913,965,230,288,1,827,457,554,331
+,947,408,628,837,944,938,605,275,790,633
+,617,42,535,629,15,376,791,575,778,199
+,2869,429,561,207,301,567,144,386,547,743
+,330,578,636,414,163,397,621,470,803,15
+,2212,239,552,443,571,568,532,919,650,579
+,1309,483,541,698,676,656,496,800,629,74
+,1375,31,379,822,605,439,184,371,464,864
+,1112,583,465,918,386,23,709,608,242,129
+,960,965,89,135,441,902,718,782,367,465
+,1170,986,646,534,591,572,850,893,191,389
+,317,309,80,566,875,5,779,966,918,585
+,1801,956,142,963,74,802,472,369,343,522
+,1124,994,980,120,471,498,467,297,723,92
+,979,765,141,499,303,394,616,189,802,76
+,1984,554,689,816,854,660,564,148,287,94
+,2135,729,606,412,962,141,446,272,181,166
+,1135,617,965,488,342,524,601,76,460,54
+,1012,724,902,935,905,270,738,748,375,272
+,1061,135,107,843,566,354,697,300,381,497
+,1843,855,46,326,445,798,517,129,2,865
+,1944,144,129,864,890,375,508,850,0,727
+,651,18,960,751,50,64,647,408,224,947
+,1826,920,350,419,281,973,54,470,175,216
+,2478,139,285,867,885,481,181,515,166,941
+,1747,625,335,908,738,906,806,286,5,59
+,2067,497,532,667,968,934,836,529,187,164
+,1812,268,734,463,246,92,139,429,74,398
+,1299,956,555,946,953,813,790,382,6,493
+,2289,60,805,359,965,575,656,714,771,971
+,2678,93,118,588,380,998,1,625,182,864
+,1903,907,826,111,835,672,88,322,190,437
+,546,765,901,44,761,371,232,969,836,882
+,1869,451,54,840,583,139,204,44,33,473
+,497,829,440,607,321,696,15,4,979,495
+,1020,927,717,849,669,88,898,516,587,804
+,2283,575,728,335,715,300,232,830,661,144
+,2682,581,534,479,423,607,568,586,218,885
+,1902,422,352,134,609,263,285,979,483,784
+,2121,423,856,750,90,982,639,812,738,527
+,720,144,1000,485,207,824,318,830,551,84
+,896,923,789,742,792,72,36,264,340,46
+,1741,360,793,574,679,625,412,227,701,187
+,436,479,913,303,218,994,902,802,809,745
+,22,448,262,536,782,902,843,247,345,892
+,604,155,430,542,61,415,882,279,558,445
+,999,763,439,458,198,602,561,224,734,257
+,1636,306,953,554,515,199,560,310,990,181
+,2024,819,233,391,943,816,929,645,992,870
+,1572,415,936,141,553,48,338,342,54,456
+,796,454,949,283,721,51,402,368,459,634
+,2357,360,81,372,983,406,163,210,578,187
+,1697,844,9,608,34,553,959,341,923,784
+,1865,109,43,505,644,716,316,748,28,682
+,298,104,910,239,102,973,85,102,473,797
+,2916,963,397,97,615,703,19,145,336,824
+,2909,721,965,455,698,398,55,703,719,181
+,189,649,24,415,734,635,379,941,239,322
+,100,941,954,274,715,963,85,698,181,0
+,603,84,682,138,186,448,922,321,803,812
+,815,579,365,892,985,60,10,161,880,427
+,2779,831,716,941,51,80,327,113,345,219
+,1271,736,952,187,928,899,355,989,817,670
+,962,702,602,265,450,648,911,632,347,32
+,2711,289,44,978,854,504,102,783,453,721
+,1372,864,132,474,609,563,50,953,362,725
+,2111,604,690,374,659,28,935,236,682,769
+,1162,67,49,9,402,294,980,693,636,221
+,347,311,791,738,12,208,706,918,592,121
+,695,284,356,129,960,32,899,219,438,46
+,1938,626,715,995,778,291,65,73,555,307
+,2093,628,931,96,978,226,669,344,901,630
+,2705,913,178,982,558,367,354,778,768,249
+,1811,382,702,580,348,150,46,370,397,72
+,2589,60,417,986,498,583,963,591,13,659
+,1904,407,584,438,965,935,930,844,560,60
+,1319,559,396,734,449,488,269,45,796,712
+,2375,247,490,512,273,711,696,128,733,911
+,2575,223,678,198,583,868,295,314,594,715
+,2568,383,882,230,21,2,402,502,469,386
+,1175,868,866,160,342,335,8,223,164,648
+,1244,848,11,74,505,217,388,320,261,133
+,1,400,188,292,108,470,550,260,188,596
+,2244,642,191,677,969,586,719,797,153,224
+,1663,226,315,338,876,97,71,15,754,806
+,1232,585,40,658,916,913,431,859,693,47
+,2331,250,5,652,782,982,553,569,935,423
+,712,259,248,14,155,907,924,119,90,393
+,2701,454,225,813,139,631,949,6,288,917
+,1722,342,980,998,945,933,467,342,772,897
+,785,569,808,556,461,331,877,579,881,190
+,521,175,607,754,607,789,433,319,171,404
+,2270,236,976,863,246,429,687,823,903,183
+,1211,8,905,710,144,468,378,362,533,191
+,1648,261,473,474,911,25,711,610,129,1
+,1336,455,117,93,820,352,862,165,231,730
+,1672,563,6,185,193,441,717,980,172,101
+,1266,814,622,742,676,175,69,361,928,932
+,2077,804,127,534,586,931,500,740,4,702
+,1230,579,96,444,108,791,114,515,447,216
+,510,380,340,563,563,83,747,602,901,320
+,1285,767,474,706,996,481,171,720,707,96
+,1352,569,529,45,725,51,768,791,347,939
+,286,490,547,783,827,716,618,878,221,68
+,1766,384,623,965,158,520,930,595,491,920
+,1491,822,521,282,339,984,903,318,887,54
+,807,98,526,141,172,739,772,488,166,1
+,2205,181,564,218,629,301,549,130,640,948
+,2129,234,138,678,968,159,60,258,90,284
+,6,498,285,670,216,748,134,946,767,880
+,1786,765,112,67,431,997,976,979,368,591
+,181,727,200,717,10,689,129,753,642,752
+,1043,130,36,649,212,51,283,959,731,712
+,778,224,872,134,133,734,449,509,367,870
+,2361,130,712,896,105,249,381,735,198,42
+,1577,795,777,133,515,95,427,343,907,48
+,473,259,405,201,2,698,844,58,352,732
+,2094,609,236,957,848,450,467,470,364,407
+,2483,598,98,625,550,229,135,786,72,700
+,1787,667,165,612,91,425,699,904,832,702
+,2887,75,480,305,387,885,622,41,881,967
+,1415,596,767,978,543,223,122,966,804,29
+,1779,253,862,988,759,554,840,282,68,634
+,2443,401,166,154,581,83,820,889,207,961
+,444,429,498,14,513,57,375,415,570,906
+,156,992,861,427,861,992,929,402,471,976
+,2650,898,912,41,392,239,717,403,952,156
+,2378,584,524,823,403,370,370,61,310,595
+,2833,797,781,802,260,307,671,37,451,988
+,1069,400,201,701,313,619,788,193,734,230
+,2614,426,352,8,309,662,619,385,171,464
+,113,132,866,172,394,137,444,903,854,120
+,1356,302,991,150,261,221,804,420,681,140
+,2727,848,756,351,963,670,568,712,328,272
+,1637,154,103,695,527,870,525,651,907,977
+,2086,546,752,504,971,608,973,703,632,100
+,1438,637,952,417,151,654,245,741,318,929
+,1143,728,86,673,615,584,699,389,269,225
+,2936,573,346,824,245,908,137,737,988,985
+,1141,969,471,997,980,191,910,374,682,58
+,1344,544,241,230,251,266,972,207,972,834
+,1632,828,706,246,79,80,723,854,374,868
+,791,541,511,415,28,382,736,273,378,884
+,96,797,745,399,938,706,577,691,275,511
+,913,815,464,411,600,729,916,737,816,274
+,932,790,965,923,938,650,343,969,204,369
+,1250,245,447,379,577,483,877,277,402,395
+,1432,745,608,795,514,391,985,826,65,441
+,1885,927,287,129,80,181,351,292,378,22
+,817,714,930,8,586,340,947,858,959,633
+,911,962,313,520,89,834,349,189,778,408
+,1927,146,330,805,962,380,589,390,406,309
+,158,457,186,115,873,944,245,13,464,890
+,1566,139,245,376,795,734,602,121,272,185
+,442,125,955,833,292,53,683,976,271,666
+,652,597,200,253,811,918,161,963,425,836
+,2844,308,795,324,907,316,218,735,829,57
+,1016,580,422,225,673,788,468,231,106,984
+,1686,697,925,18,30,546,661,702,748,124
+,1360,962,543,841,364,941,171,145,954,123
+,734,377,747,562,457,94,938,954,570,287
+,101,160,214,371,835,992,673,286,756,917
+,1688,443,910,927,517,816,471,265,273,864
+,725,666,911,695,510,49,115,509,198,658
+,665,167,890,663,956,835,692,25,708,541
+,969,815,349,896,759,840,151,227,926,455
+,633,463,135,591,440,409,698,331,416,192
+,2542,479,3,114,285,932,63,661,847,47
+,2934,781,644,717,365,834,156,833,449,954
+,2293,64,25,949,958,376,333,664,531,674
+,1448,37,25,942,155,495,876,698,182,746
+,421,67,316,190,327,474,678,867,968,199
+,1022,435,27,618,308,232,990,587,708,810
+,860,787,940,222,781,407,541,825,642,710
+,1465,506,168,930,35,203,124,202,387,637
+,163,359,726,157,530,794,400,180,928,738
+,1493,615,660,190,589,743,646,876,496,802
+,1262,352,130,736,382,989,630,360,847,914
+,171,675,699,218,931,240,151,173,154,655
+,522,789,834,453,232,716,630,194,915,534
+,1760,622,178,1,294,372,873,485,707,710
+,606,915,800,851,227,800,362,230,132,232
+,2263,437,89,519,358,995,35,480,406,93
+,2385,50,564,999,470,46,523,191,398,621
+,1512,806,982,123,782,517,826,162,849,874
+,147,390,39,101,14,503,127,159,405,102
+,2234,660,865,975,843,566,227,914,985,571
+,610,573,647,984,187,723,91,986,879,504
+,2719,812,862,645,445,945,724,780,268,546
+,2814,264,798,412,489,205,332,453,771,268
+,39,148,214,993,987,221,707,156,145,975
+,2297,941,729,520,17,649,108,772,622,299
+,1751,157,354,573,686,878,758,579,157,734
+,2259,680,701,646,880,188,182,751,981,362
+,1809,58,386,187,840,909,632,345,216,380
+,2822,50,921,398,248,853,918,650,809,739
+,1072,885,817,250,68,875,663,117,544,56
+,535,406,700,812,503,282,107,847,241,6
+,1366,685,322,234,877,572,972,312,790,124
+,14,575,331,152,13,909,675,73,225,793
+,180,178,410,676,58,520,803,293,679,408
+,1133,584,848,737,484,672,374,395,64,321
+,2741,283,809,487,46,370,326,257,582,74
+,378,178,959,641,675,68,377,88,438,1000
+,208,274,73,79,579,784,940,689,350,337
+,1028,278,17,583,955,686,93,590,738,384
+,2816,216,605,328,461,560,508,366,824,189
+,2070,488,822,0,830,140,18,259,172,445
+,1081,162,682,15,72,637,887,667,508,98
+,2597,746,677,91,153,314,75,963,206,585
+,833,769,733,440,927,969,635,413,473,544
+,1404,662,464,415,37,579,977,535,485,220
+,862,168,436,502,914,495,236,81,817,616
+,2477,189,135,448,667,398,691,782,28,471
+,1154,347,712,590,986,543,547,636,486,664
+,1115,430,360,242,860,652,958,212,963,646
+,2961,585,921,937,715,709,316,207,118,617
+,2850,645,788,391,336,316,192,31,976,524
+,438,742,804,592,652,342,186,238,127,148
+,472,162,123,600,70,360,862,24,793,357
+,2951,826,387,278,289,576,655,467,818,943
+,550,491,7,728,51,1,143,430,991,574
+,424,405,313,316,557,681,780,445,508,410
+,1226,586,458,607,460,945,316,906,963,91
+,2271,835,206,394,911,355,436,707,34,263
+,32,338,33,23,416,250,361,322,715,225
+,2166,203,38,602,756,395,998,278,578,436
+,2505,190,985,475,451,80,112,903,650,579
+,1239,366,140,582,712,389,228,328,210,50
+,2225,379,607,477,736,8,183,376,358,112
+,2784,541,164,473,423,690,211,436,306,240
+,646,873,321,628,296,938,537,635,870,573
+,1167,583,781,343,626,402,357,944,288,423
+,1513,445,253,305,995,338,771,268,895,922
+,1000,945,299,763,226,314,726,263,804,74
+,281,918,312,626,124,405,583,950,617,603
+,1429,771,622,248,853,722,967,878,264,282
+,542,461,291,231,588,902,276,898,419,270
+,2698,538,777,692,856,673,716,574,175,149
+,2072,48,607,336,512,430,131,619,740,488
+,873,957,223,589,685,837,545,657,789,903
+,2202,596,878,956,276,102,255,161,106,990
+,300,915,778,584,456,132,62,707,177,117
+,409,490,779,44,490,334,308,920,872,531
+,2306,197,293,645,726,803,422,379,344,483
+,2544,599,135,879,796,128,38,250,10,43
+,1877,284,580,443,868,311,390,951,65,151
+,38,625,228,580,55,842,28,144,918,754
+,297,364,109,139,797,117,208,751,884,472
+,2655,879,402,885,364,541,723,609,401,194
+,1872,596,345,643,693,859,482,986,2,568
+,1228,440,994,825,80,944,587,624,223,967
+,2643,267,722,369,565,305,193,265,712,335
+,536,397,226,86,74,228,956,555,563,379
+,1621,906,209,303,911,187,195,848,417,161
+,1087,686,758,138,34,878,254,199,317,468
+,977,187,271,416,212,671,110,19,308,237
+,1286,461,731,593,425,516,759,709,690,820
+,836,405,800,841,553,851,28,33,565,810
+,1068,972,666,321,727,724,918,144,582,881
+,1295,390,771,596,982,51,156,907,824,669
+,2141,662,678,995,498,448,910,292,65,476
+,2315,192,38,309,212,861,326,59,158,233
+,2873,812,810,854,375,969,48,167,165,834
+,1717,624,966,287,432,400,346,185,459,769
+,335,747,893,771,944,776,163,203,205,136
+,2536,156,638,812,239,9,139,16,137,338
+,162,587,110,220,209,898,10,235,22,224
+,2435,259,418,479,451,69,751,708,125,686
+,2371,438,802,467,373,955,835,10,448,876
+,1008,145,794,489,624,624,355,768,833,322
+,2333,920,766,58,177,284,657,379,215,57
+,491,964,925,177,932,236,752,595,569,788
+,1653,835,499,174,240,29,221,277,733,939
+,963,811,134,47,130,553,303,469,69,969
+,278,818,595,828,759,816,939,789,16,93
+,2437,734,166,980,167,677,816,135,299,53
+,280,382,59,449,833,899,739,423,938,851
+,761,676,904,559,473,747,794,981,104,851
+,328,487,657,651,707,507,328,844,266,423
+,2080,637,805,852,615,958,882,187,947,270
+,232,395,368,655,554,232,549,893,942,451
+,644,807,693,480,644,151,347,517,893,953
+,2175,184,159,324,613,41,821,978,598,800
+,2059,351,394,403,776,546,288,729,260,936
+,1952,742,757,150,969,253,497,255,642,192
+,2392,587,787,963,78,813,190,102,133,86
+,205,48,122,543,468,989,525,42,241,713
+,234,704,566,425,826,940,760,628,51,685
+,1284,912,999,920,75,465,875,50,883,844
+,249,298,710,36,817,644,954,230,612,154
+,2220,106,601,994,634,632,257,711,363,182
+,2372,325,752,907,918,782,112,505,104,176
+,239,145,927,504,968,397,766,260,255,225
+,891,465,186,167,21,369,877,296,153,147
+,1215,384,180,385,695,328,701,830,266,605
+,777,661,391,870,981,196,930,199,757,753
+,634,708,552,836,200,207,999,296,301,309
+,1993,898,926,853,18,312,514,860,531,511
+,2276,613,594,944,338,12,277,475,21,823
+,1732,10,880,383,628,699,386,784,519,700
+,1168,73,626,784,895,320,194,806,698,458
+,1863,263,638,718,925,186,406,437,649,673
+,1086,163,970,898,612,758,324,424,238,274
+,1599,463,943,509,485,326,813,174,163,933
+,8,580,157,17,428,82,907,408,357,555
+,1552,145,828,619,137,28,669,377,586,742
+,674,161,154,606,292,119,73,330,946,885
+,240,951,787,420,223,43,155,605,325,323
+,1642,680,717,595,411,238,446,250,474,684
+,875,831,157,661,418,176,846,637,740,303
+,1971,782,976,184,43,441,386,77,343,679
+,1989,638,526,27,661,684,564,347,99,199
+,1664,741,109,228,670,551,778,871,41,44
+,681,587,547,872,871,229,721,876,160,65
+,968,657,85,181,870,155,96,972,848,177
+,382,78,381,767,303,523,678,933,904,115
+,60,381,551,157,890,445,556,427,548,511
+,2214,305,915,8,106,781,596,112,543,334
+,2671,569,550,59,398,316,312,768,136,857
+,207,689,0,43,813,397,181,583,950,514
+,401,954,509,452,653,537,491,250,851,321
+,2254,335,794,754,982,397,653,411,288,968
+,1815,408,766,318,793,763,121,610,445,741
+,308,222,303,674,184,114,625,144,732,952
+,1023,828,148,183,76,197,187,17,312,706
+,1894,46,291,167,626,259,544,222,814,995
+,2759,288,750,497,960,523,939,901,581,791
+,751,716,886,114,92,482,883,629,457,157
+,2987,778,416,602,624,608,1000,627,284,589
+,574,539,98,667,164,526,715,203,113,753
+,1837,20,58,224,896,442,432,419,21,755
+,2948,763,172,723,2,63,5,356,958,201
+,2747,165,552,344,198,557,405,193,893,98
+,784,329,646,47,334,829,183,276,250,907
+,1018,920,240,563,726,1,957,363,566,705
+,447,947,427,862,829,630,175,675,797,578
+,1389,626,63,61,461,407,546,714,442,167
+,1649,468,774,446,955,249,878,232,181,864
+,248,910,211,903,893,513,624,914,394,689
+,403,903,982,208,219,834,495,417,921,764
+,2646,517,344,650,116,904,646,986,555,934
+,2676,768,847,786,412,181,407,465,107,253
+,221,565,312,988,795,111,0,996,76,194
+,1912,679,517,810,160,205,921,231,734,623
+,1683,101,689,553,869,520,748,994,229,357
+,1734,191,472,754,614,745,876,64,541,488
+,1451,725,960,782,753,963,717,20,415,975
+,1765,493,504,394,97,666,44,432,773,644
+,2699,379,845,595,171,6,650,920,956,551
+,397,102,876,669,832,272,253,788,76,636
+,386,478,621,455,979,419,119,471,940,515
+,779,113,360,993,607,429,593,873,546,658
+,1667,554,709,306,358,676,509,182,752,691
+,1937,733,841,749,154,718,400,385,377,712
+,995,841,408,546,393,782,174,626,890,362
+,1936,849,96,141,331,458,209,315,631,519
+,2360,579,912,975,166,351,333,228,616,279
+,2338,445,643,651,9,782,455,755,305,907
+,541,593,882,622,23,455,274,642,486,146
+,2791,632,421,433,604,311,64,782,448,587
+,877,405,496,22,575,3,566,800,609,468
+,1988,702,696,509,261,572,360,702,632,871
+,2740,291,415,282,77,976,521,198,821,622
+,1140,516,867,309,115,420,473,248,295,859
+,974,531,966,645,351,211,408,750,595,549
+,2105,546,109,389,299,795,598,546,28,271
+,2769,323,10,811,619,170,678,655,527,825
+,1353,896,10,334,988,175,121,855,908,32
+,128,408,142,984,469,40,406,409,296,566
+,276,923,62,18,860,557,183,277,547,853
+,937,367,532,106,788,226,0,569,898,552
+,241,568,194,895,681,823,42,337,494,312
+,2584,834,553,564,242,633,609,754,485,268
+,290,875,761,108,566,355,425,886,242,14
+,29,947,983,457,807,379,937,13,48,0
+,2971,47,695,353,737,399,778,695,412,104
+,2410,909,890,797,610,364,660,208,17,933
+,942,973,366,396,299,99,571,267,785,578
+,2268,845,448,554,680,864,918,301,442,459
+,2409,53,514,779,491,935,738,934,19,669
+,86,543,483,165,424,899,658,822,35,31
+,1384,646,768,208,437,381,909,704,125,48
+,262,277,940,302,310,972,992,258,134,615
+,920,960,44,402,495,280,681,351,977,432
+,1015,924,951,410,838,938,383,168,308,962
+,495,386,145,806,796,129,119,331,932,352
+,1849,611,446,893,489,140,322,954,435,786
+,2119,188,961,875,185,127,623,8,339,241
+,1794,954,650,663,675,301,450,812,30,264
+,1529,314,491,922,398,310,554,295,701,804
+,2975,381,611,228,615,447,334,174,98,868
+,2751,837,237,547,230,320,6,500,850,83
+,1634,140,294,341,746,356,223,104,170,718
+,1276,882,921,610,57,3,758,255,403,130
+,823,189,969,93,952,889,69,951,734,797
+,2208,242,945,797,655,146,648,993,474,506
+,867,435,790,277,548,657,558,749,252,632
+,1733,569,328,729,691,328,567,332,175,185
+,2484,684,312,174,697,861,354,143,729,879
+,2161,103,415,118,1000,514,335,500,377,629
+,1085,459,68,56,344,938,53,541,872,652
+,676,371,315,613,94,264,458,465,314,275
+,2251,235,783,374,653,219,365,790,144,304
+,1946,894,541,749,761,873,749,302,114,853
+,2702,864,472,121,364,594,307,719,825,584
+,525,204,266,296,867,922,617,208,37,341
+,515,500,522,547,31,227,199,127,542,222
+,2181,85,894,806,70,704,205,245,845,659
+,283,940,615,186,437,958,38,525,485,518
+,1990,910,179,831,935,570,69,361,813,178
+,350,556,486,201,9,292,847,568,445,188
+,2945,700,64,320,185,125,455,708,313,418
+,2890,851,676,217,948,335,746,231,494,831
+,986,803,524,51,103,524,578,884,109,364
+,237,702,489,192,299,285,890,390,508,89
+,980,490,453,760,387,955,166,606,828,407
+,1259,954,66,317,229,214,833,405,139,601
+,1486,589,263,909,385,644,812,440,268,994
+,458,349,53,624,601,588,599,809,29,706
+,79,114,49,545,609,567,348,491,233,591
+,2001,544,927,239,852,953,700,725,348,167
+,1327,721,87,553,608,419,679,534,297,926
+,2453,174,666,301,399,283,753,960,526,795
+,2,304,634,769,961,922,859,686,629,741
+,2172,596,379,448,174,574,932,897,379,843
+,2209,911,502,336,650,727,584,356,772,532
+,661,968,530,759,113,862,606,52,183,146
+,1531,451,763,597,473,748,551,623,676,918
+,2863,866,646,858,75,839,140,306,541,553
+,2977,654,623,929,880,462,920,83,473,14
+,2494,336,768,594,541,306,937,988,268,947
+,2832,830,101,808,272,813,948,211,435,508
+,2617,894,163,535,400,535,107,84,186,743
+,1222,653,30,214,540,514,349,770,444,869
+,2561,116,793,83,591,251,624,503,854,551
+,435,281,967,938,344,590,11,908,840,23
+,2079,814,632,672,938,887,989,863,737,586
+,731,866,170,853,107,455,479,590,48,379
+,2050,151,573,882,435,946,433,599,212,226
+,1078,808,382,91,643,848,672,320,762,516
+,13,768,21,772,739,475,984,766,12,787
+,1858,684,326,199,129,689,404,20,764,762
+,647,124,589,246,806,598,81,10,254,981
+,1780,545,128,873,587,485,314,137,661,886
+,1202,357,124,249,740,436,43,587,60,706
+,2998,335,846,547,816,103,876,514,734,125
+,2963,290,335,62,900,138,306,217,731,472
+,2625,410,71,927,351,955,713,814,805,543
+,1092,210,388,775,411,143,936,450,80,222
+,2199,357,521,737,613,410,581,251,214,361
+,2792,817,633,61,721,7,641,341,557,329
+,469,894,1000,769,861,994,440,92,375,648
+,2786,298,461,681,252,88,666,342,881,395
+,47,384,245,598,499,581,190,365,355,808
+,2266,118,103,388,297,252,402,979,695,628
+,1029,675,137,858,520,932,245,482,497,186
?,231,231,231,231,231,231,231,231,231,231
?,1298,1298,1298,1298,1298,1298,1298,1298,1298,1298
?,4463,4463,4463,4463,4463,4463,4463,4463,4463,4463
?,4871,4871,4871,4871,4871,4871,4871,4871,4871,4871
?,3456,3456,3456,3456,3456,3456,3456,3456,3456,3456
?,3099,3099,3099,3099,3099,3099,3099,3099,3099,3099
?,3358,3358,3358,3358,3358,3358,3358,3358,3358,3358
?,39,39,39,39,39,39,39,39,39,39
?,2811,2811,2811,2811,2811,2811,2811,2811,2811,2811
?,2043,2043,2043,2043,2043,2043,2043,2043,2043,2043
?,2417,2417,2417,2417,2417,2417,2417,2417,2417,2417
?,1451,1451,1451,1451,1451,1451,1451,1451,1451,1451
?,4270,4270,4270,4270,4270,4270,4270,4270,4270,4270
?,674,674,674,674,674,674,674,674,674,674
?,3095,3095,3095,3095,3095,3095,3095,3095,3095,3095
?,2089,2089,2089,2089,2089,2089,2089,2089,2089,2089
?,2101,2101,2101,2101,2101,2101,2101,2101,2101,2101
?,563,563,563,563,563,563,563,563,563,563
?,3377,3377,3377,3377,3377,3377,3377,3377,3377,3377
?,628,628,628,628,628,628,628,628,628,628
?,287,287,287,287,287,287,287,287,287,287
?,859,859,859,859,859,859,859,859,859,859
?,3784,3784,3784,3784,3784,3784,3784,3784,3784,3784
?,2649,2649,2649,2649,2649,2649,2649,2649,2649,2649
?,1678,1678,1678,1678,1678,1678,1678,1678,1678,1678
?,2743,2743,2743,2743,2743,2743,2743,2743,2743,2743
?,4387,4387,4387,4387,4387,4387,4387,4387,4387,4387
?,2455,2455,2455,2455,2455,2455,2455,2455,2455,2455
?,3356,3356,3356,3356,3356,3356,3356,3356,3356,3356
?,2176,2176,2176,2176,2176,2176,2176,2176,2176,2176
?,352,352,352,352,352,352,352,352,352,352
?,3059,3059,3059,3059,3059,3059,3059,3059,3059,3059
?,1020,1020,1020,1020,1020,1020,1020,1020,1020,1020
?,307,307,307,307,307,307,307,307,307,307
?,1548,1548,1548,1548,1548,1548,1548,1548,1548,1548
?,4590,4590,4590,4590,4590,4590,4590,4590,4590,4590
?,4480,4480,4480,4480,4480,4480,4480,4480,4480,4480
?,11,11,11,11,11,11,11,11,11,11
?,1109,1109,1109,1109,1109,1109,1109,1109,1109,1109
?,4018,4018,4018,4018,4018,4018,4018,4018,4018,4018
?,1754,1754,1754,1754,1754,1754,1754,1754,1754,1754
?,68,68,68,68,68,68,68,68,68,68
?,2164,2164,2164,2164,2164,2164,2164,2164,2164,2164
?,1170,1170,1170,1170,1170,1170,1170,1170,1170,1170
?,3987,3987,3987,3987,3987,3987,3987,3987,3987,3987
?,3439,3439,3439,3439,3439,3439,3439,3439,3439,3439
?,1709,1709,1709,1709,1709,1709,1709,1709,1709,1709
?,3459,3459,3459,3459,3459,3459,3459,3459,3459,3459
?,1101,1101,1101,1101,1101,1101,1101,1101,1101,1101
?,4171,4171,4171,4171,4171,4171,4171,4171,4171,4171
?,840,840,840,840,840,840,840,840,840,840
?,2157,2157,2157,2157,2157,2157,2157,2157,2157,2157
?,2124,2124,2124,2124,2124,2124,2124,2124,2124,2124
?,2217,2217,2217,2217,2217,2217,2217,2217,2217,2217
?,3714,3714,3714,3714,3714,3714,3714,3714,3714,3714
?,951,951,951,951,951,951,951,951,951,951
?,4333,4333,4333,4333,4333,4333,4333,4333,4333,4333
?,4744,4744,4744,4744,4744,4744,4744,4744,4744,4744
?,1884,1884,1884,1884,1884,1884,1884,1884,1884,1884
?,4850,4850,4850,4850,4850,4850,4850,4850,4850,4850
?,2597,2597,2597,2597,2597,2597,2597,2597,2597,2597
?,1732,1732,1732,1732,1732,1732,1732,1732,1732,1732
?,178,178,178,178,178,178,178,178,178,178
?,4714,4714,4714,4714,4714,4714,4714,4714,4714,4714
?,3374,3374,3374,3374,3374,3374,3374,3374,3374,3374
?,4712,4712,4712,4712,4712,4712,4712,4712,4712,4712
?,368,368,368,368,368,368,368,368,368,368
?,3428,3428,3428,3428,3428,3428,3428,3428,3428,3428
?,4058,4058,4058,4058,4058,4058,4058,4058,4058,4058
?,3295,3295,3295,3295,3295,3295,3295,3295,3295,3295
?,2131,2131,2131,2131,2131,2131,2131,2131,2131,2131
?,4972,4972,4972,4972,4972,4972,4972,4972,4972,4972
?,30,30,30,30,30,30,30,30,30,30
?,4667,4667,4667,4667,4667,4667,4667,4667,4667,4667
?,1423,1423,1423,1423,1423,1423,1423,1423,1423,1423
?,1419,1419,1419,1419,1419,1419,1419,1419,1419,1419
?,4143,4143,4143,4143,4143,4143,4143,4143,4143,4143
?,4396,4396,4396,4396,4396,4396,4396,4396,4396,4396
?,2280,2280,2280,2280,2280,2280,2280,2280,2280,2280
?,5028,5028,5028,5028,5028,5028,5028,5028,5028,5028
?,4171,4171,4171,4171,4171,4171,4171,4171,4171,4171
?,3722,3722,3722,3722,3722,3722,3722,3722,3722,3722
?,2209,2209,2209,2209,2209,2209,2209,2209,2209,2209
?,2621,2621,2621,2621,2621,2621,2621,2621,2621,2621
?,2873,2873,2873,2873,2873,2873,2873,2873,2873,2873
?,917,917,917,917,917,917,917,917,917,917
?,1943,1943,1943,1943,1943,1943,1943,1943,1943,1943
?,2693,2693,2693,2693,2693,2693,2693,2693,2693,2693
?,4405,4405,4405,4405,4405,4405,4405,4405,4405,4405
?,3717,3717,3717,3717,3717,3717,3717,3717,3717,3717
?,1113,1113,1113,1113,1113,1113,1113,1113,1113,1113
?,4022,4022,4022,4022,4022,4022,4022,4022,4022,4022
?,1010,1010,1010,1010,1010,1010,1010,1010,1010,1010
?,3716,3716,3716,3716,3716,3716,3716,3716,3716,3716
?,2179,2179,2179,2179,2179,2179,2179,2179,2179,2179
?,1611,1611,1611,1611,1611,1611,1611,1611,1611,1611
?,175,175,175,175,175,175,175,175,175,175
?,3481,3481,3481,3481,3481,3481,3481,3481,3481,3481
?,4529,4529,4529,4529,4529,4529,4529,4529,4529,4529
?,4588,4588,4588,4588,4588,4588,4588,4588,4588,4588
?,982,982,982,982,982,982,982,982,982,982
?,866,866,866,866,866,866,866,866,866,866
?,3144,3144,3144,3144,3144,3144,3144,3144,3144,3144
?,2220,2220,2220,2220,2220,2220,2220,2220,2220,2220
?,288,288,288,288,288,288,288,288,288,288
?,1664,1664,1664,1664,1664,1664,1664,1664,1664,1664
?,2500,2500,2500,2500,2500,2500,2500,2500,2500,2500
?,1707,1707,1707,1707,1707,1707,1707,1707,1707,1707
?,4839,4839,4839,4839,4839,4839,4839,4839,4839,4839
?,4128,4128,4128,4128,4128,4128,4128,4128,4128,4128
?,4283,4283,4283,4283,4283,4283,4283,4283,4283,4283
?,533,533,533,533,533,533,533,533,533,533
?,4156,4156,4156,4156,4156,4156,4156,4156,4156,4156
?,4043,4043,4043,4043,4043,4043,4043,4043,4043,4043
?,1684,1684,1684,1684,1684,1684,1684,1684,1684,1684
?,4493,4493,4493,4493,4493,4493,4493,4493,4493,4493
?,3850,3850,3850,3850,3850,3850,3850,3850,3850,3850
?,3631,3631,3631,3631,3631,3631,3631,3631,3631,3631
?,2943,2943,2943,2943,2943,2943,2943,2943,2943,2943
?,4195,4195,4195,4195,4195,4195,4195,4195,4195,4195
?,1823,1823,1823,1823,1823,1823,1823,1823,1823,1823
?,1918,1918,1918,1918,1918,1918,1918,1918,1918,1918
?,1757,1757,1757,1757,1757,1757,1757,1757,1757,1757
?,3316,3316,3316,3316,3316,3316,3316,3316,3316,3316
?,2327,2327,2327,2327,2327,2327,2327,2327,2327,2327
?,3891,3891,3891,3891,3891,3891,3891,3891,3891,3891
?,3683,3683,3683,3683,3683,3683,3683,3683,3683,3683
?,115,115,115,115,115,115,115,115,115,115
?,2057,2057,2057,2057,2057,2057,2057,2057,2057,2057
?,773,773,773,773,773,773,773,773,773,773
?,1906,1906,1906,1906,1906,1906,1906,1906,1906,1906
?,70,70,70,70,70,70,70,70,70,70
?,4957,4957,4957,4957,4957,4957,4957,4957,4957,4957
?,103,103,103,103,103,103,103,103,103,103
?,924,924,924,924,924,924,924,924,924,924
?,2860,2860,2860,2860,2860,2860,2860,2860,2860,2860
?,1582,1582,1582,1582,1582,1582,1582,1582,1582,1582
?,4200,4200,4200,4200,4200,4200,4200,4200,4200,4200
?,3434,3434,3434,3434,3434,3434,3434,3434,3434,3434
?,190,190,190,190,190,190,190,190,190,190
?,1527,1527,1527,1527,1527,1527,1527,1527,1527,1527
?,4465,4465,4465,4465,4465,4465,4465,4465,4465,4465
?,1047,1047,1047,1047,1047,1047,1047,1047,1047,1047
?,3244,3244,3244,3244,3244,3244,3244,3244,3244,3244
?,1092,1092,1092,1092,1092,1092,1092,1092,1092,1092
?,2857,2857,2857,2857,2857,2857,2857,2857,2857,2857
?,2167,2167,2167,2167,2167,2167,2167,2167,2167,2167
?,1367,1367,1367,1367,1367,1367,1367,1367,1367,1367
?,324,324,324,324,324,324,324,324,324,324
?,2147,2147,2147,2147,2147,2147,2147,2147,2147,2147
?,556,556,556,556,556,556,556,556,556,556
?,1396,1396,1396,1396,1396,1396,1396,1396,1396,1396
?,1906,1906,1906,1906,1906,1906,1906,1906,1906,1906
?,697,697,697,697,697,697,697,697,697,697
?,5008,5008,5008,5008,5008,5008,5008,5008,5008,5008
?,286,286,286,286,286,286,286,286,286,286
?,2918,2918,2918,2918,2918,2918,2918,2918,2918,2918
?,3689,3689,3689,3689,3689,3689,3689,3689,3689,3689
?,3784,3784,3784,3784,3784,3784,3784,3784,3784,3784
?,1098,1098,1098,1098,1098,1098,1098,1098,1098,1098
?,60,60,60,60,60,60,60,60,60,60
?,2200,2200,2200,2200,2200,2200,2200,2200,2200,2200
?,2290,2290,2290,2290,2290,2290,2290,2290,2290,2290
?,544,544,544,544,544,544,544,544,544,544
?,162,162,162,162,162,162,162,162,162,162
?,464,464,464,464,464,464,464,464,464,464
?,4053,4053,4053,4053,4053,4053,4053,4053,4053,4053
?,4847,4847,4847,4847,4847,4847,4847,4847,4847,4847
?,2230,2230,2230,2230,2230,2230,2230,2230,2230,2230
?,817,817,817,817,817,817,817,817,817,817
?,4629,4629,4629,4629,4629,4629,4629,4629,4629,4629
?,1763,1763,1763,1763,1763,1763,1763,1763,1763,1763
?,1308,1308,1308,1308,1308,1308,1308,1308,1308,1308
?,2218,2218,2218,2218,2218,2218,2218,2218,2218,2218
?,3042,3042,3042,3042,3042,3042,3042,3042,3042,3042
?,1968,1968,1968,1968,1968,1968,1968,1968,1968,1968
?,4513,4513,4513,4513,4513,4513,4513,4513,4513,4513
?,617,617,617,617,617,617,617,617,617,617
?,488,488,488,488,488,488,488,488,488,488
?,3955,3955,3955,3955,3955,3955,3955,3955,3955,3955
?,5048,5048,5048,5048,5048,5048,5048,5048,5048,5048
?,2536,2536,2536,2536,2536,2536,2536,2536,2536,2536
?,810,810,810,810,810,810,810,810,810,810
?,1184,1184,1184,1184,1184,1184,1184,1184,1184,1184
?,1182,1182,1182,1182,1182,1182,1182,1182,1182,1182
?,2270,2270,2270,2270,2270,2270,2270,2270,2270,2270
?,4457,4457,4457,4457,4457,4457,4457,4457,4457,4457
?,3815,3815,3815,3815,3815,3815,3815,3815,3815,3815
?,231,231,231,231,231,231,231,231,231,231
?,4812,4812,4812,4812,4812,4812,4812,4812,4812,4812
?,4572,4572,4572,4572,4572,4572,4572,4572,4572,4572
?,3889,3889,3889,3889,3889,3889,3889,3889,3889,3889
?,1238,1238,1238,1238,1238,1238,1238,1238,1238,1238
?,3194,3194,3194,3194,3194,3194,3194,3194,3194,3194
?,2096,2096,2096,2096,2096,2096,2096,2096,2096,2096
?,4705,4705,4705,4705,4705,4705,4705,4705,4705,4705
?,3334,3334,3334,3334,3334,3334,3334,3334,3334,3334
?,1677,1677,1677,1677,1677,1677,1677,1677,1677,1677
?,1502,1502,1502,1502,1502,1502,1502,1502,1502,1502
?,1454,1454,1454,1454,1454,1454,1454,1454,1454,1454
?,3058,3058,3058,3058,3058,3058,3058,3058,3058,3058
?,641,641,641,641,641,641,641,641,641,641
?,4064,4064,4064,4064,4064,4064,4064,4064,4064,4064
?,2446,2446,2446,2446,2446,2446,2446,2446,2446,2446
?,1181,1181,1181,1181,1181,1181,1181,1181,1181,1181
?,1520,1520,1520,1520,1520,1520,1520,1520,1520,1520
?,2373,2373,2373,2373,2373,2373,2373,2373,2373,2373
?,115,115,115,115,115,115,115,115,115,115
?,2172,2172,2172,2172,2172,2172,2172,2172,2172,2172
?,1753,1753,1753,1753,1753,1753,1753,1753,1753,1753
?,1413,1413,1413,1413,1413,1413,1413,1413,1413,1413
?,3435,3435,3435,3435,3435,3435,3435,3435,3435,3435
?,817,817,817,817,817,817,817,817,817,817
?,884,884,884,884,884,884,884,884,884,884
?,4372,4372,4372,4372,4372,4372,4372,4372,4372,4372
?,423,423,423,423,423,423,423,423,423,423
?,291,291,291,291,291,291,291,291,291,291
?,1577,1577,1577,1577,1577,1577,1577,1577,1577,1577
?,2503,2503,2503,2503,2503,2503,2503,2503,2503,2503
?,3135,3135,3135,3135,3135,3135,3135,3135,3135,3135
?,4308,4308,4308,4308,4308,4308,4308,4308,4308,4308
?,3536,3536,3536,3536,3536,3536,3536,3536,3536,3536
?,813,813,813,813,813,813,813,813,813,813
?,3126,3126,3126,3126,3126,3126,3126,3126,3126,3126
?,1763,1763,1763,1763,1763,1763,1763,1763,1763,1763
?,412,412,412,412,412,412,412,412,412,412
?,3891,3891,3891,3891,3891,3891,3891,3891,3891,3891
?,99,99,99,99,99,99,99,99,99,99
?,1224,1224,1224,1224,1224,1224,1224,1224,1224,1224
?,4475,4475,4475,4475,4475,4475,4475,4475,4475,4475
?,3272,3272,3272,3272,3272,3272,3272,3272,3272,3272
?,3676,3676,3676,3676,3676,3676,3676,3676,3676,3676
?,1392,1392,1392,1392,1392,1392,1392,1392,1392,1392
?,460,460,460,460,460,460,460,460,460,460
?,1241,1241,1241,1241,1241,1241,1241,1241,1241,1241
?,288,288,288,288,288,288,288,288,288,288
?,261,261,261,261,261,261,261,261,261,261
?,4871,4871,4871,4871,4871,4871,4871,4871,4871,4871
?,2747,2747,2747,2747,2747,2747,2747,2747,2747,2747
?,1937,1937,1937,1937,1937,1937,1937,1937,1937,1937
?,3203,3203,3203,3203,3203,3203,3203,3203,3203,3203
?,3393,3393,3393,3393,3393,3393,3393,3393,3393,3393
?,1111,1111,1111,1111,1111,1111,1111,1111,1111,1111
?,575,575,575,575,575,575,575,575,575,575
?,4680,4680,4680,4680,4680,4680,4680,4680,4680,4680
?,2953,2953,2953,2953,2953,2953,2953,2953,2953,2953
?,1611,1611,1611,1611,1611,1611,1611,1611,1611,1611
?,3353,3353,3353,3353,3353,3353,3353,3353,3353,3353
?,4455,4455,4455,4455,4455,4455,4455,4455,4455,4455
?,4780,4780,4780,4780,4780,4780,4780,4780,4780,4780
?,256,256,256,256,256,256,256,256,256,256
?,82,82,82,82,82,82,82,82,82,82
?,2777,2777,2777,2777,2777,2777,2777,2777,2777,2777
?,3809,3809,3809,3809,3809,3809,3809,3809,3809,3809
?,3898,3898,3898,3898,3898,3898,3898,3898,3898,3898
?,4956,4956,4956,4956,4956,4956,4956,4956,4956,4956
?,2565,2565,2565,2565,2565,2565,2565,2565,2565,2565
?,246,246,246,246,246,246,246,246,246,246
?,491,491,491,491,491,491,491,491,491,491
?,785,785,785,785,785,785,785,785,785,785
?,4055,4055,4055,4055,4055,4055,4055,4055,4055,4055
?,1994,1994,1994,1994,1994,1994,1994,1994,1994,1994
?,1119,1119,1119,1119,1119,1119,1119,1119,1119,1119
?,2733,2733,2733,2733,2733,2733,2733,2733,2733,2733
?,4613,4613,4613,4613,4613,4613,4613,4613,4613,4613
?,101,101,101,101,101,101,101,101,101,101
?,213,213,213,213,213,213,213,213,213,213
?,3780,3780,3780,3780,3780,3780,3780,3780,3780,3780
?,1772,1772,1772,1772,1772,1772,1772,1772,1772,1772
?,5041,5041,5041,5041,5041,5041,5041,5041,5041,5041
?,3781,3781,3781,3781,3781,3781,3781,3781,3781,3781
?,733,733,733,733,733,733,733,733,733,733
?,1553,1553,1553,1553,1553,1553,1553,1553,1553,1553
?,284,284,284,284,284,284,284,284,284,284
?,3699,3699,3699,3699,3699,3699,3699,3699,3699,3699
?,1407,1407,1407,1407,1407,1407,1407,1407,1407,1407
?,1313,1313,1313,1313,1313,1313,1313,1313,1313,1313
?,767,767,767,767,767,767,767,767,767,767
?,895,895,895,895,895,895,895,895,895,895
?,1673,1673,1673,1673,1673,1673,1673,1673,1673,1673
?,4429,4429,4429,4429,4429,4429,4429,4429,4429,4429
?,3119,3119,3119,3119,3119,3119,3119,3119,3119,3119
?,4640,4640,4640,4640,4640,4640,4640,4640,4640,4640
?,338,338,338,338,338,338,338,338,338,338
?,4173,4173,4173,4173,4173,4173,4173,4173,4173,4173
?,3872,3872,3872,3872,3872,3872,3872,3872,3872,3872
?,620,620,620,620,620,620,620,620,620,620
?,3194,3194,3194,3194,3194,3194,3194,3194,3194,3194
?,4061,4061,4061,4061,4061,4061,4061,4061,4061,4061
?,1168,1168,1168,1168,1168,1168,1168,1168,1168,1168
?,1521,1521,1521,1521,1521,1521,1521,1521,1521,1521
?,983,983,983,983,983,983,983,983,983,983
?,205,205,205,205,205,205,205,205,205,205
?,2080,2080,2080,2080,2080,2080,2080,2080,2080,2080
?,2591,2591,2591,2591,2591,2591,2591,2591,2591,2591
?,2289,2289,2289,2289,2289,2289,2289,2289,2289,2289
?,3339,3339,3339,3339,3339,3339,3339,3339,3339,3339
?,917,917,917,917,917,917,917,917,917,917
?,4064,4064,4064,4064,4064,4064,4064,4064,4064,4064
?,909,909,909,909,909,909,909,909,909,909
?,4666,4666,4666,4666,4666,4666,4666,4666,4666,4666
?,1370,1370,1370,1370,1370,1370,1370,1370,1370,1370
?,4483,4483,4483,4483,4483,4483,4483,4483,4483,4483
?,561,561,561,561,561,561,561,561,561,561
?,3883,3883,3883,3883,3883,3883,3883,3883,3883,3883
?,52,52,52,52,52,52,52,52,52,52
?,3726,3726,3726,3726,3726,3726,3726,3726,3726,3726
?,2104,2104,2104,2104,2104,2104,2104,2104,2104,2104
?,2510,2510,2510,2510,2510,2510,2510,2510,2510,2510
?,2007,2007,2007,2007,2007,2007,2007,2007,2007,2007
?,3335,3335,3335,3335,3335,3335,3335,3335,3335,3335
?,441,441,441,441,441,441,441,441,441,441
?,1186,1186,1186,1186,1186,1186,1186,1186,1186,1186
?,1848,1848,1848,1848,1848,1848,1848,1848,1848,1848
?,2471,2471,2471,2471,2471,2471,2471,2471,2471,2471
?,2402,2402,2402,2402,2402,2402,2402,2402,2402,2402
?,1080,1080,1080,1080,1080,1080,1080,1080,1080,1080
?,1505,1505,1505,1505,1505,1505,1505,1505,1505,1505
?,2954,2954,2954,2954,2954,2954,2954,2954,2954,2954
?,1182,1182,1182,1182,1182,1182,1182,1182,1182,1182
?,761,761,761,761,761,761,761,761,761,761
?,3255,3255,3255,3255,3255,3255,3255,3255,3255,3255
?,127,127,127,127,127,127,127,127,127,127
?,1181,1181,1181,1181,1181,1181,1181,1181,1181,1181
?,2805,2805,2805,2805,2805,2805,2805,2805,2805,2805
?,1484,1484,1484,1484,1484,1484,1484,1484,1484,1484
?,1759,1759,1759,1759,1759,1759,1759,1759,1759,1759
?,4815,4815,4815,4815,4815,4815,4815,4815,4815,4815
?,2211,2211,2211,2211,2211,2211,2211,2211,2211,2211
?,675,675,675,675,675,675,675,675,675,675
?,1163,1163,1163,1163,1163,1163,1163,1163,1163,1163
?,140,140,140,140,140,140,140,140,140,140
?,4779,4779,4779,4779,4779,4779,4779,4779,4779,4779
?,2225,2225,2225,2225,2225,2225,2225,2225,2225,2225
?,2500,2500,2500,2500,2500,2500,2500,2500,2500,2500
?,3655,3655,3655,3655,3655,3655,3655,3655,3655,3655
?,3887,3887,3887,3887,3887,3887,3887,3887,3887,3887
?,1477,1477,1477,1477,1477,1477,1477,1477,1477,1477
?,3079,3079,3079,3079,3079,3079,3079,3079,3079,3079
?,5055,5055,5055,5055,5055,5055,5055,5055,5055,5055
?,186,186,186,186,186,186,186,186,186,186
?,1706,1706,1706,1706,1706,1706,1706,1706,1706,1706
?,1497,1497,1497,1497,1497,1497,1497,1497,1497,1497
?,3447,3447,3447,3447,3447,3447,3447,3447,3447,3447
?,2893,2893,2893,2893,2893,2893,2893,2893,2893,2893
?,2588,2588,2588,2588,2588,2588,2588,2588,2588,2588
?,774,774,774,774,774,774,774,774,774,774
?,1841,1841,1841,1841,1841,1841,1841,1841,1841,1841
?,1070,1070,1070,1070,1070,1070,1070,1070,1070,1070
?,3853,3853,3853,3853,3853,3853,3853,3853,3853,3853
?,3351,3351,3351,3351,3351,3351,3351,3351,3351,3351
?,647,647,647,647,647,647,647,647,647,647
?,3815,3815,3815,3815,3815,3815,3815,3815,3815,3815
?,4938,4938,4938,4938,4938,4938,4938,4938,4938,4938
?,2459,2459,2459,2459,2459,2459,2459,2459,2459,2459
?,4565,4565,4565,4565,4565,4565,4565,4565,4565,4565
?,198,198,198,198,198,198,198,198,198,198
?,1098,1098,1098,1098,1098,1098,1098,1098,1098,1098
?,2215,2215,2215,2215,2215,2215,2215,2215,2215,2215
?,2826,2826,2826,2826,2826,2826,2826,2826,2826,2826
?,2942,2942,2942,2942,2942,2942,2942,2942,2942,2942
?,4787,4787,4787,4787,4787,4787,4787,4787,4787,4787
?,4425,4425,4425,4425,4425,4425,4425,4425,4425,4425
?,2874,2874,2874,2874,2874,2874,2874,2874,2874,2874
?,918,918,918,918,918,918,918,918,918,918
?,3132,3132,3132,3132,3132,3132,3132,3132,3132,3132
?,304,304,304,304,304,304,304,304,304,304
?,1077,1077,1077,1077,1077,1077,1077,1077,1077,1077
?,867,867,867,867,867,867,867,867,867,867
?,871,871,871,871,871,871,871,871,871,871
?,4711,4711,4711,4711,4711,4711,4711,4711,4711,4711
?,905,905,905,905,905,905,905,905,905,905
?,2619,2619,2619,2619,2619,2619,2619,2619,2619,2619
?,4400,4400,4400,4400,4400,4400,4400,4400,4400,4400
?,4764,4764,4764,4764,4764,4764,4764,4764,4764,4764
?,745,745,745,745,745,745,745,745,745,745
?,1399,1399,1399,1399,1399,1399,1399,1399,1399,1399
?,3522,3522,3522,3522,3522,3522,3522,3522,3522,3522
?,4428,4428,4428,4428,4428,4428,4428,4428,4428,4428
?,3315,3315,3315,3315,3315,3315,3315,3315,3315,3315
?,2340,2340,2340,2340,2340,2340,2340,2340,2340,2340
?,4970,4970,4970,4970,4970,4970,4970,4970,4970,4970
?,4390,4390,4390,4390,4390,4390,4390,4390,4390,4390
?,3389,3389,3389,3389,3389,3389,3389,3389,3389,3389
?,2092,2092,2092,2092,2092,2092,2092,2092,2092,2092
?,3924,3924,3924,3924,3924,3924,3924,3924,3924,3924
?,4555,4555,4555,4555,4555,4555,4555,4555,4555,4555
?,3506,3506,3506,3506,3506,3506,3506,3506,3506,3506
?,4209,4209,4209,4209,4209,4209,4209,4209,4209,4209
?,3452,3452,3452,3452,3452,3452,3452,3452,3452,3452
?,1040,1040,1040,1040,1040,1040,1040,1040,1040,1040
?,1753,1753,1753,1753,1753,1753,1753,1753,1753,1753
?,3798,3798,3798,3798,3798,3798,3798,3798,3798,3798
?,3108,3108,3108,3108,3108,3108,3108,3108,3108,3108
?,482,482,482,482,482,482,482,482,482,482
?,80,80,80,80,80,80,80,80,80,80
?,4098,4098,4098,4098,4098,4098,4098,4098,4098,4098
?,4306,4306,4306,4306,4306,4306,4306,4306,4306,4306
?,2206,2206,2206,2206,2206,2206,2206,2206,2206,2206
?,2556,2556,2556,2556,2556,2556,2556,2556,2556,2556
?,3738,3738,3738,3738,3738,3738,3738,3738,3738,3738
?,2121,2121,2121,2121,2121,2121,2121,2121,2121,2121
?,194,194,194,194,194,194,194,194,194,194
?,4188,4188,4188,4188,4188,4188,4188,4188,4188,4188
?,1891,1891,1891,1891,1891,1891,1891,1891,1891,1891
?,3591,3591,3591,3591,3591,3591,3591,3591,3591,3591
?,4567,4567,4567,4567,4567,4567,4567,4567,4567,4567
?,726,726,726,726,726,726,726,726,726,726
?,4625,4625,4625,4625,4625,4625,4625,4625,4625,4625
?,898,898,898,898,898,898,898,898,898,898
?,4685,4685,4685,4685,4685,4685,4685,4685,4685,4685
?,267,267,267,267,267,267,267,267,267,267
?,4020,4020,4020,4020,4020,4020,4020,4020,4020,4020
?,2389,2389,2389,2389,2389,2389,2389,2389,2389,2389
?,4647,4647,4647,4647,4647,4647,4647,4647,4647,4647
?,1071,1071,1071,1071,1071,1071,1071,1071,1071,1071
?,703,703,703,703,703,703,703,703,703,703
?,3582,3582,3582,3582,3582,3582,3582,3582,3582,3582
?,2464,2464,2464,2464,2464,2464,2464,2464,2464,2464
?,358,358,358,358,358,358,358,358,358,358
?,413,413,413,413,413,413,413,413,413,413
?,3307,3307,3307,3307,3307,3307,3307,3307,3307,3307
?,4680,4680,4680,4680,4680,4680,4680,4680,4680,4680
?,4335,4335,4335,4335,4335,4335,4335,4335,4335,4335
?,1652,1652,1652,1652,1652,1652,1652,1652,1652,1652
?,3220,3220,3220,3220,3220,3220,3220,3220,3220,3220
?,4981,4981,4981,4981,4981,4981,4981,4981,4981,4981
?,1048,1048,1048,1048,1048,1048,1048,1048,1048,1048
?,1617,1617,1617,1617,1617,1617,1617,1617,1617,1617
?,2671,2671,2671,2671,2671,2671,2671,2671,2671,2671
?,1888,1888,1888,1888,1888,1888,1888,1888,1888,1888
?,2283,2283,2283,2283,2283,2283,2283,2283,2283,2283
?,4427,4427,4427,4427,4427,4427,4427,4427,4427,4427
?,2204,2204,2204,2204,2204,2204,2204,2204,2204,2204
?,4177,4177,4177,4177,4177,4177,4177,4177,4177,4177
?,3581,3581,3581,3581,3581,3581,3581,3581,3581,3581
?,2216,2216,2216,2216,2216,2216,2216,2216,2216,2216
?,3679,3679,3679,3679,3679,3679,3679,3679,3679,3679
?,321,321,321,321,321,321,321,321,321,321
?,4131,4131,4131,4131,4131,4131,4131,4131,4131,4131
?,1293,1293,1293,1293,1293,1293,1293,1293,1293,1293
?,961,961,961,961,961,961,961,961,961,961
?,1836,1836,1836,1836,1836,1836,1836,1836,1836,1836
?,4703,4703,4703,4703,4703,4703,4703,4703,4703,4703
?,4324,4324,4324,4324,4324,4324,4324,4324,4324,4324
?,3361,3361,3361,3361,3361,3361,3361,3361,3361,3361
?,2610,2610,2610,2610,2610,2610,2610,2610,2610,2610
?,2248,2248,2248,2248,2248,2248,2248,2248,2248,2248
?,3537,3537,3537,3537,3537,3537,3537,3537,3537,3537
?,1536,1536,1536,1536,1536,1536,1536,1536,1536,1536
?,1213,1213,1213,1213,1213,1213,1213,1213,1213,1213
?,80,80,80,80,80,80,80,80,80,80
?,1378,1378,1378,1378,1378,1378,1378,1378,1378,1378
?,541,541,541,541,541,541,541,541,541,541
?,1364,1364,1364,1364,1364,1364,1364,1364,1364,1364
?,1633,1633,1633,1633,1633,1633,1633,1633,1633,1633
?,4028,4028,4028,4028,4028,4028,4028,4028,4028,4028
?,1216,1216,1216,1216,1216,1216,1216,1216,1216,1216
?,120,120,120,120,120,120,120,120,120,120
?,2944,2944,2944,2944,2944,2944,2944,2944,2944,2944
?,2694,2694,2694,2694,2694,2694,2694,2694,2694,2694
?,13,13,13,13,13,13,13,13,13,13
?,1706,1706,1706,1706,1706,1706,1706,1706,1706,1706
?,1785,1785,1785,1785,1785,1785,1785,1785,1785,1785
?,17,17,17,17,17,17,17,17,17,17
?,500,500,500,500,500,500,500,500,500,500
?,169,169,169,169,169,169,169,169,169,169
?,149,149,149,149,149,149,149,149,149,149
?,4494,4494,4494,4494,4494,4494,4494,4494,4494,4494
?,4252,4252,4252,4252,4252,4252,4252,4252,4252,4252
?,3088,3088,3088,3088,3088,3088,3088,3088,3088,3088
?,2038,2038,2038,2038,2038,2038,2038,2038,2038,2038
?,2390,2390,2390,2390,2390,2390,2390,2390,2390,2390
?,3304,3304,3304,3304,3304,3304,3304,3304,3304,3304
?,3715,3715,3715,3715,3715,3715,3715,3715,3715,3715
?,1961,1961,1961,1961,1961,1961,1961,1961,1961,1961
?,4864,4864,4864,4864,4864,4864,4864,4864,4864,4864
?,912,912,912,912,912,912,912,912,912,912
?,5016,5016,5016,5016,5016,5016,5016,5016,5016,5016
?,40,40,40,40,40,40,40,40,40,40
?,28,28,28,28,28,28,28,28,28,28
?,4229,4229,4229,4229,4229,4229,4229,4229,4229,4229
?,4269,4269,4269,4269,4269,4269,4269,4269,4269,4269
?,4684,4684,4684,4684,4684,4684,4684,4684,4684,4684
?,4655,4655,4655,4655,4655,4655,4655,4655,4655,4655
?,738,738,738,738,738,738,738,738,738,738
?,994,994,994,994,994,994,994,994,994,994
?,2066,2066,2066,2066,2066,2066,2066,2066,2066,2066
?,976,976,976,976,976,976,976,976,976,976
?,3328,3328,3328,3328,3328,3328,3328,3328,3328,3328
?,22,22,22,22,22,22,22,22,22,22
?,190,190,190,190,190,190,190,190,190,190
?,4749,4749,4749,4749,4749,4749,4749,4749,4749,4749
?,757,757,757,757,757,757,757,757,757,757
?,3150,3150,3150,3150,3150,3150,3150,3150,3150,3150
?,4651,4651,4651,4651,4651,4651,4651,4651,4651,4651
?,1248,1248,1248,1248,1248,1248,1248,1248,1248,1248
?,1926,1926,1926,1926,1926,1926,1926,1926,1926,1926
?,1138,1138,1138,1138,1138,1138,1138,1138,1138,1138
?,4051,4051,4051,4051,4051,4051,4051,4051,4051,4051
?,1652,1652,1652,1652,1652,1652,1652,1652,1652,1652
?,3742,3742,3742,3742,3742,3742,3742,3742,3742,3742
?,4768,4768,4768,4768,4768,4768,4768,4768,4768,4768
?,4358,4358,4358,4358,4358,4358,4358,4358,4358,4358
?,4729,4729,4729,4729,4729,4729,4729,4729,4729,4729
?,3767,3767,3767,3767,3767,3767,3767,3767,3767,3767
?,5061,5061,5061,5061,5061,5061,5061,5061,5061,5061
?,367,367,367,367,367,367,367,367,367,367
?,3181,3181,3181,3181,3181,3181,3181,3181,3181,3181
?,73,73,73,73,73,73,73,73,73,73
?,4439,4439,4439,4439,4439,4439,4439,4439,4439,4439
?,2760,2760,2760,2760,2760,2760,2760,2760,2760,2760
?,2460,2460,2460,2460,2460,2460,2460,2460,2460,2460
?,4451,4451,4451,4451,4451,4451,4451,4451,4451,4451
?,674,674,674,674,674,674,674,674,674,674
?,4487,4487,4487,4487,4487,4487,4487,4487,4487,4487
?,3484,3484,3484,3484,3484,3484,3484,3484,3484,3484
?,3933,3933,3933,3933,3933,3933,3933,3933,3933,3933
?,2114,2114,2114,2114,2114,2114,2114,2114,2114,2114
?,3183,3183,3183,3183,3183,3183,3183,3183,3183,3183
?,2007,2007,2007,2007,2007,2007,2007,2007,2007,2007
?,333,333,333,333,333,333,333,333,333,333
?,416,416,416,416,416,416,416,416,416,416
?,189,189,189,189,189,189,189,189,189,189
?,4889,4889,4889,4889,4889,4889,4889,4889,4889,4889
?,4830,4830,4830,4830,4830,4830,4830,4830,4830,4830
?,4220,4220,4220,4220,4220,4220,4220,4220,4220,4220
?,2272,2272,2272,2272,2272,2272,2272,2272,2272,2272
?,1796,1796,1796,1796,1796,1796,1796,1796,1796,1796
?,2041,2041,2041,2041,2041,2041,2041,2041,2041,2041
?,3560,3560,3560,3560,3560,3560,3560,3560,3560,3560
?,973,973,973,973,973,973,973,973,973,973
?,793,793,793,793,793,793,793,793,793,793
?,2002,2002,2002,2002,2002,2002,2002,2002,2002,2002
?,3651,3651,3651,3651,3651,3651,3651,3651,3651,3651
?,676,676,676,676,676,676,676,676,676,676
?,788,788,788,788,788,788,788,788,788,788
?,4288,4288,4288,4288,4288,4288,4288,4288,4288,4288
?,698,698,698,698,698,698,698,698,698,698
?,2608,2608,2608,2608,2608,2608,2608,2608,2608,2608
?,758,758,758,758,758,758,758,758,758,758
?,4950,4950,4950,4950,4950,4950,4950,4950,4950,4950
?,4549,4549,4549,4549,4549,4549,4549,4549,4549,4549
?,3026,3026,3026,3026,3026,3026,3026,3026,3026,3026
?,2123,2123,2123,2123,2123,2123,2123,2123,2123,2123
?,2702,2702,2702,2702,2702,2702,2702,2702,2702,2702
?,4107,4107,4107,4107,4107,4107,4107,4107,4107,4107
?,1160,1160,1160,1160,1160,1160,1160,1160,1160,1160
?,4697,4697,4697,4697,4697,4697,4697,4697,4697,4697
?,2532,2532,2532,2532,2532,2532,2532,2532,2532,2532
?,1230,1230,1230,1230,1230,1230,1230,1230,1230,1230
?,149,149,149,149,149,149,149,149,149,149
?,1550,1550,1550,1550,1550,1550,1550,1550,1550,1550
?,2129,2129,2129,2129,2129,2129,2129,2129,2129,2129
?,99,99,99,99,99,99,99,99,99,99
?,561,561,561,561,561,561,561,561,561,561
?,2974,2974,2974,2974,2974,2974,2974,2974,2974,2974
?,1667,1667,1667,1667,1667,1667,1667,1667,1667,1667
?,2654,2654,2654,2654,2654,2654,2654,2654,2654,2654
?,1960,1960,1960,1960,1960,1960,1960,1960,1960,1960
?,2276,2276,2276,2276,2276,2276,2276,2276,2276,2276
?,3383,3383,3383,3383,3383,3383,3383,3383,3383,3383
?,3368,3368,3368,3368,3368,3368,3368,3368,3368,3368
?,246,246,246,246,246,246,246,246,246,246
?,3658,3658,3658,3658,3658,3658,3658,3658,3658,3658
?,2635,2635,2635,2635,2635,2635,2635,2635,2635,2635
?,3073,3073,3073,3073,3073,3073,3073,3073,3073,3073
?,4709,4709,4709,4709,4709,4709,4709,4709,4709,4709
?,4975,4975,4975,4975,4975,4975,4975,4975,4975,4975
?,4893,4893,4893,4893,4893,4893,4893,4893,4893,4893
?,2052,2052,2052,2052,2052,2052,2052,2052,2052,2052
?,2322,2322,2322,2322,2322,2322,2322,2322,2322,2322
?,4768,4768,4768,4768,4768,4768,4768,4768,4768,4768
?,2240,2240,2240,2240,2240,2240,2240,2240,2240,2240
?,3314,3314,3314,3314,3314,3314,3314,3314,3314,3314
?,3539,3539,3539,3539,3539,3539,3539,3539,3539,3539
?,3618,3618,3618,3618,3618,3618,3618,3618,3618,3618
?,1215,1215,1215,1215,1215,1215,1215,1215,1215,1215
?,440,440,440,440,440,440,440,440,440,440
?,783,783,783,783,783,783,783,783,783,783
?,480,480,480,480,480,480,480,480,480,480
?,4510,4510,4510,4510,4510,4510,4510,4510,4510,4510
?,1131,1131,1131,1131,1131,1131,1131,1131,1131,1131
?,2188,2188,2188,2188,2188,2188,2188,2188,2188,2188
?,132,132,132,132,132,132,132,132,132,132
?,1141,1141,1141,1141,1141,1141,1141,1141,1141,1141
?,4417,4417,4417,4417,4417,4417,4417,4417,4417,4417
?,751,751,751,751,751,751,751,751,751,751
?,4154,4154,4154,4154,4154,4154,4154,4154,4154,4154
?,1247,1247,1247,1247,1247,1247,1247,1247,1247,1247
?,1129,1129,1129,1129,1129,1129,1129,1129,1129,1129
?,1823,1823,1823,1823,1823,1823,1823,1823,1823,1823
?,4206,4206,4206,4206,4206,4206,4206,4206,4206,4206
?,3660,3660,3660,3660,3660,3660,3660,3660,3660,3660
?,4887,4887,4887,4887,4887,4887,4887,4887,4887,4887
?,2368,2368,2368,2368,2368,2368,2368,2368,2368,2368
?,10,10,10,10,10,10,10,10,10,10
?,1223,1223,1223,1223,1223,1223,1223,1223,1223,1223
?,3204,3204,3204,3204,3204,3204,3204,3204,3204,3204
?,1153,1153,1153,1153,1153,1153,1153,1153,1153,1153
?,276,276,276,276,276,276,276,276,276,276
?,4349,4349,4349,4349,4349,4349,4349,4349,4349,4349
?,2840,2840,2840,2840,2840,2840,2840,2840,2840,2840
?,4103,4103,4103,4103,4103,4103,4103,4103,4103,4103
?,574,574,574,574,574,574,574,574,574,574
?,4071,4071,4071,4071,4071,4071,4071,4071,4071,4071
?,2147,2147,2147,2147,2147,2147,2147,2147,2147,2147
?,2661,2661,2661,2661,2661,2661,2661,2661,2661,2661
?,1114,1114,1114,1114,1114,1114,1114,1114,1114,1114
?,3831,3831,3831,3831,3831,3831,3831,3831,3831,3831
?,1863,1863,1863,1863,1863,1863,1863,1863,1863,1863
?,2937,2937,2937,2937,2937,2937,2937,2937,2937,2937
?,1579,1579,1579,1579,1579,1579,1579,1579,1579,1579
?,3372,3372,3372,3372,3372,3372,3372,3372,3372,3372
?,2553,2553,2553,2553,2553,2553,2553,2553,2553,2553
?,1309,1309,1309,1309,1309,1309,1309,1309,1309,1309
?,1821,1821,1821,1821,1821,1821,1821,1821,1821,1821
?,2822,2822,2822,2822,2822,2822,2822,2822,2822,2822
?,3723,3723,3723,3723,3723,3723,3723,3723,3723,3723
?,143,143,143,143,143,143,143,143,143,143
?,69,69,69,69,69,69,69,69,69,69
?,2414,2414,2414,2414,2414,2414,2414,2414,2414,2414
?,715,715,715,715,715,715,715,715,715,715
?,1307,1307,1307,1307,1307,1307,1307,1307,1307,1307
?,776,776,776,776,776,776,776,776,776,776
?,4588,4588,4588,4588,4588,4588,4588,4588,4588,4588
?,1143,1143,1143,1143,1143,1143,1143,1143,1143,1143
?,4520,4520,4520,4520,4520,4520,4520,4520,4520,4520
?,2720,2720,2720,2720,2720,2720,2720,2720,2720,2720
?,879,879,879,879,879,879,879,879,879,879
?,4498,4498,4498,4498,4498,4498,4498,4498,4498,4498
?,952,952,952,952,952,952,952,952,952,952
?,3430,3430,3430,3430,3430,3430,3430,3430,3430,3430
?,569,569,569,569,569,569,569,569,569,569
?,1448,1448,1448,1448,1448,1448,1448,1448,1448,1448
?,2682,2682,2682,2682,2682,2682,2682,2682,2682,2682
?,2835,2835,2835,2835,2835,2835,2835,2835,2835,2835
?,4625,4625,4625,4625,4625,4625,4625,4625,4625,4625
?,147,147,147,147,147,147,147,147,147,147
?,2350,2350,2350,2350,2350,2350,2350,2350,2350,2350
?,3257,3257,3257,3257,3257,3257,3257,3257,3257,3257
?,938,938,938,938,938,938,938,938,938,938
?,260,260,260,260,260,260,260,260,260,260
?,499,499,499,499,499,499,499,499,499,499
?,3807,3807,3807,3807,3807,3807,3807,3807,3807,3807
?,4929,4929,4929,4929,4929,4929,4929,4929,4929,4929
?,1417,1417,1417,1417,1417,1417,1417,1417,1417,1417
?,1795,1795,1795,1795,1795,1795,1795,1795,1795,1795
?,454,454,454,454,454,454,454,454,454,454
?,2167,2167,2167,2167,2167,2167,2167,2167,2167,2167
?,3494,3494,3494,3494,3494,3494,3494,3494,3494,3494
?,3346,3346,3346,3346,3346,3346,3346,3346,3346,3346
?,193,193,193,193,193,193,193,193,193,193
?,441,441,441,441,441,441,441,441,441,441
?,699,699,699,699,699,699,699,699,699,699
?,1047,1047,1047,1047,1047,1047,1047,1047,1047,1047
?,4601,4601,4601,4601,4601,4601,4601,4601,4601,4601
?,1985,1985,1985,1985,1985,1985,1985,1985,1985,1985
?,4280,4280,4280,4280,4280,4280,4280,4280,4280,4280
?,1175,1175,1175,1175,1175,1175,1175,1175,1175,1175
?,3755,3755,3755,3755,3755,3755,3755,3755,3755,3755
?,710,710,710,710,710,710,710,710,710,710
?,243,243,243,243,243,243,243,243,243,243
?,736,736,736,736,736,736,736,736,736,736
?,1440,1440,1440,1440,1440,1440,1440,1440,1440,1440
?,1643,1643,1643,1643,1643,1643,1643,1643,1643,1643
?,1042,1042,1042,1042,1042,1042,1042,1042,1042,1042
?,4652,4652,4652,4652,4652,4652,4652,4652,4652,4652
?,3500,3500,3500,3500,3500,3500,3500,3500,3500,3500
?,563,563,563,563,563,563,563,563,563,563
?,2875,2875,2875,2875,2875,2875,2875,2875,2875,2875
?,734,734,734,734,734,734,734,734,734,734
?,1025,1025,1025,1025,1025,1025,1025,1025,1025,1025
?,241,241,241,241,241,241,241,241,241,241
?,2167,2167,2167,2167,2167,2167,2167,2167,2167,2167
?,4362,4362,4362,4362,4362,4362,4362,4362,4362,4362
?,3066,3066,3066,3066,3066,3066,3066,3066,3066,3066
?,95,95,95,95,95,95,95,95,95,95
?,4078,4078,4078,4078,4078,4078,4078,4078,4078,4078
?,3518,3518,3518,3518,3518,3518,3518,3518,3518,3518
?,3566,3566,3566,3566,3566,3566,3566,3566,3566,3566
?,2664,2664,2664,2664,2664,2664,2664,2664,2664,2664
?,1839,1839,1839,1839,1839,1839,1839,1839,1839,1839
?,2119,2119,2119,2119,2119,2119,2119,2119,2119,2119
?,2557,2557,2557,2557,2557,2557,2557,2557,2557,2557
?,3128,3128,3128,3128,3128,3128,3128,3128,3128,3128
?,377,377,377,377,377,377,377,377,377,377
?,2503,2503,2503,2503,2503,2503,2503,2503,2503,2503
?,1456,1456,1456,1456,1456,1456,1456,1456,1456,1456
?,1183,1183,1183,1183,1183,1183,1183,1183,1183,1183
?,3603,3603,3603,3603,3603,3603,3603,3603,3603,3603
?,3433,3433,3433,3433,3433,3433,3433,3433,3433,3433
?,1793,1793,1793,1793,1793,1793,1793,1793,1793,1793
?,2457,2457,2457,2457,2457,2457,2457,2457,2457,2457
?,3137,3137,3137,3137,3137,3137,3137,3137,3137,3137
?,207,207,207,207,207,207,207,207,207,207
?,878,878,878,878,878,878,878,878,878,878
?,722,722,722,722,722,722,722,722,722,722
?,2728,2728,2728,2728,2728,2728,2728,2728,2728,2728
?,1939,1939,1939,1939,1939,1939,1939,1939,1939,1939
?,57,57,57,57,57,57,57,57,57,57
?,2998,2998,2998,2998,2998,2998,2998,2998,2998,2998
?,4090,4090,4090,4090,4090,4090,4090,4090,4090,4090
?,1680,1680,1680,1680,1680,1680,1680,1680,1680,1680
?,2533,2533,2533,2533,2533,2533,2533,2533,2533,2533
?,4029,4029,4029,4029,4029,4029,4029,4029,4029,4029
?,1220,1220,1220,1220,1220,1220,1220,1220,1220,1220
?,2126,2126,2126,2126,2126,2126,2126,2126,2126,2126
?,1925,1925,1925,1925,1925,1925,1925,1925,1925,1925
?,2865,2865,2865,2865,2865,2865,2865,2865,2865,2865
?,4574,4574,4574,4574,4574,4574,4574,4574,4574,4574
?,3456,3456,3456,3456,3456,3456,3456,3456,3456,3456
?,681,681,681,681,681,681,681,681,681,681
?,4024,4024,4024,4024,4024,4024,4024,4024,4024,4024
?,3358,3358,3358,3358,3358,3358,3358,3358,3358,3358
?,4381,4381,4381,4381,4381,4381,4381,4381,4381,4381
?,1386,1386,1386,1386,1386,1386,1386,1386,1386,1386
?,1337,1337,1337,1337,1337,1337,1337,1337,1337,1337
?,2604,2604,2604,2604,2604,2604,2604,2604,2604,2604
?,832,832,832,832,832,832,832,832,832,832
?,1034,1034,1034,1034,1034,1034,1034,1034,1034,1034
?,3759,3759,3759,3759,3759,3759,3759,3759,3759,3759
?,1502,1502,1502,1502,1502,1502,1502,1502,1502,1502
?,3230,3230,3230,3230,3230,3230,3230,3230,3230,3230
?,3712,3712,3712,3712,3712,3712,3712,3712,3712,3712
?,32,32,32,32,32,32,32,32,32,32
?,4173,4173,4173,4173,4173,4173,4173,4173,4173,4173
?,3212,3212,3212,3212,3212,3212,3212,3212,3212,3212
?,3427,3427,3427,3427,3427,3427,3427,3427,3427,3427
?,3174,3174,3174,3174,3174,3174,3174,3174,3174,3174
?,2877,2877,2877,2877,2877,2877,2877,2877,2877,2877
?,3279,3279,3279,3279,3279,3279,3279,3279,3279,3279
?,1251,1251,1251,1251,1251,1251,1251,1251,1251,1251
?,1066,1066,1066,1066,1066,1066,1066,1066,1066,1066
?,2262,2262,2262,2262,2262,2262,2262,2262,2262,2262
?,628,628,628,628,628,628,628,628,628,628
?,3621,3621,3621,3621,3621,3621,3621,3621,3621,3621
?,3349,3349,3349,3349,3349,3349,3349,3349,3349,3349
?,4472,4472,4472,4472,4472,4472,4472,4472,4472,4472
?,3621,3621,3621,3621,3621,3621,3621,3621,3621,3621
?,4184,4184,4184,4184,4184,4184,4184,4184,4184,4184
?,2209,2209,2209,2209,2209,2209,2209,2209,2209,2209
?,2404,2404,2404,2404,2404,2404,2404,2404,2404,2404
?,3878,3878,3878,3878,3878,3878,3878,3878,3878,3878
?,3827,3827,3827,3827,3827,3827,3827,3827,3827,3827
?,660,660,660,660,660,660,660,660,660,660
?,1308,1308,1308,1308,1308,1308,1308,1308,1308,1308
?,4737,4737,4737,4737,4737,4737,4737,4737,4737,4737
?,493,493,493,493,493,493,493,493,493,493
?,1702,1702,1702,1702,1702,1702,1702,1702,1702,1702
?,2963,2963,2963,2963,2963,2963,2963,2963,2963,2963
?,124,124,124,124,124,124,124,124,124,124
?,300,300,300,300,300,300,300,300,300,300
?,3382,3382,3382,3382,3382,3382,3382,3382,3382,3382
?,892,892,892,892,892,892,892,892,892,892
?,4181,4181,4181,4181,4181,4181,4181,4181,4181,4181
?,2485,2485,2485,2485,2485,2485,2485,2485,2485,2485
?,4101,4101,4101,4101,4101,4101,4101,4101,4101,4101
?,4634,4634,4634,4634,4634,4634,4634,4634,4634,4634
?,3960,3960,3960,3960,3960,3960,3960,3960,3960,3960
?,2469,2469,2469,2469,2469,2469,2469,2469,2469,2469
?,1193,1193,1193,1193,1193,1193,1193,1193,1193,1193
?,1029,1029,1029,1029,1029,1029,1029,1029,1029,1029
?,1928,1928,1928,1928,1928,1928,1928,1928,1928,1928
?,2566,2566,2566,2566,2566,2566,2566,2566,2566,2566
?,2228,2228,2228,2228,2228,2228,2228,2228,2228,2228
?,1717,1717,1717,1717,1717,1717,1717,1717,1717,1717
?,2520,2520,2520,2520,2520,2520,2520,2520,2520,2520
?,440,440,440,440,440,440,440,440,440,440
?,2517,2517,2517,2517,2517,2517,2517,2517,2517,2517
?,3435,3435,3435,3435,3435,3435,3435,3435,3435,3435
?,3100,3100,3100,3100,3100,3100,3100,3100,3100,3100
?,4487,4487,4487,4487,4487,4487,4487,4487,4487,4487
?,1249,1249,1249,1249,1249,1249,1249,1249,1249,1249
?,905,905,905,905,905,905,905,905,905,905
?,1236,1236,1236,1236,1236,1236,1236,1236,1236,1236
?,712,712,712,712,712,712,712,712,712,712
?,2755,2755,2755,2755,2755,2755,2755,2755,2755,2755
?,3546,3546,3546,3546,3546,3546,3546,3546,3546,3546
?,2071,2071,2071,2071,2071,2071,2071,2071,2071,2071
?,4953,4953,4953,4953,4953,4953,4953,4953,4953,4953
?,2919,2919,2919,2919,2919,2919,2919,2919,2919,2919
?,1341,1341,1341,1341,1341,1341,1341,1341,1341,1341
?,2924,2924,2924,2924,2924,2924,2924,2924,2924,2924
?,2104,2104,2104,2104,2104,2104,2104,2104,2104,2104
?,4710,4710,4710,4710,4710,4710,4710,4710,4710,4710
?,1410,1410,1410,1410,1410,1410,1410,1410,1410,1410
?,141,141,141,141,141,141,141,141,141,141
?,3275,3275,3275,3275,3275,3275,3275,3275,3275,3275
?,2265,2265,2265,2265,2265,2265,2265,2265,2265,2265
?,2319,2319,2319,2319,2319,2319,2319,2319,2319,2319
?,721,721,721,721,721,721,721,721,721,721
?,1014,1014,1014,1014,1014,1014,1014,1014,1014,1014
?,829,829,829,829,829,829,829,829,829,829
?,5018,5018,5018,5018,5018,5018,5018,5018,5018,5018
?,4040,4040,4040,4040,4040,4040,4040,4040,4040,4040
?,1603,1603,1603,1603,1603,1603,1603,1603,1603,1603
?,4479,4479,4479,4479,4479,4479,4479,4479,4479,4479
?,4510,4510,4510,4510,4510,4510,4510,4510,4510,4510
?,658,658,658,658,658,658,658,658,658,658
?,4352,4352,4352,4352,4352,4352,4352,4352,4352,4352
?,1203,1203,1203,1203,1203,1203,1203,1203,1203,1203
?,3798,3798,3798,3798,3798,3798,3798,3798,3798,3798
?,2041,2041,2041,2041,2041,2041,2041,2041,2041,2041
?,21,21,21,21,21,21,21,21,21,21
?,3515,3515,3515,3515,3515,3515,3515,3515,3515,3515
?,1913,1913,1913,1913,1913,1913,1913,1913,1913,1913
?,2513,2513,2513,2513,2513,2513,2513,2513,2513,2513
?,1847,1847,1847,1847,1847,1847,1847,1847,1847,1847
?,2764,2764,2764,2764,2764,2764,2764,2764,2764,2764
?,4807,4807,4807,4807,4807,4807,4807,4807,4807,4807
?,2356,2356,2356,2356,2356,2356,2356,2356,2356,2356
?,4100,4100,4100,4100,4100,4100,4100,4100,4100,4100
?,4119,4119,4119,4119,4119,4119,4119,4119,4119,4119
?,1465,1465,1465,1465,1465,1465,1465,1465,1465,1465
?,531,531,531,531,531,531,531,531,531,531
?,4328,4328,4328,4328,4328,4328,4328,4328,4328,4328
?,4234,4234,4234,4234,4234,4234,4234,4234,4234,4234
?,2272,2272,2272,2272,2272,2272,2272,2272,2272,2272
?,4807,4807,4807,4807,4807,4807,4807,4807,4807,4807
?,3439,3439,3439,3439,3439,3439,3439,3439,3439,3439
?,4398,4398,4398,4398,4398,4398,4398,4398,4398,4398
?,191,191,191,191,191,191,191,191,191,191
?,3320,3320,3320,3320,3320,3320,3320,3320,3320,3320
?,3320,3320,3320,3320,3320,3320,3320,3320,3320,3320
?,2128,2128,2128,2128,2128,2128,2128,2128,2128,2128
?,150,150,150,150,150,150,150,150,150,150
?,2846,2846,2846,2846,2846,2846,2846,2846,2846,2846
?,806,806,806,806,806,806,806,806,806,806
?,826,826,826,826,826,826,826,826,826,826
?,359,359,359,359,359,359,359,359,359,359
?,1489,1489,1489,1489,1489,1489,1489,1489,1489,1489
?,747,747,747,747,747,747,747,747,747,747
?,1319,1319,1319,1319,1319,1319,1319,1319,1319,1319
?,3040,3040,3040,3040,3040,3040,3040,3040,3040,3040
?,2548,2548,2548,2548,2548,2548,2548,2548,2548,2548
?,1607,1607,1607,1607,1607,1607,1607,1607,1607,1607
?,2286,2286,2286,2286,2286,2286,2286,2286,2286,2286
?,674,674,674,674,674,674,674,674,674,674
?,1528,1528,1528,1528,1528,1528,1528,1528,1528,1528
?,2025,2025,2025,2025,2025,2025,2025,2025,2025,2025
?,241,241,241,241,241,241,241,241,241,241
?,971,971,971,971,971,971,971,971,971,971
?,3289,3289,3289,3289,3289,3289,3289,3289,3289,3289
?,418,418,418,418,418,418,418,418,418,418
?,2548,2548,2548,2548,2548,2548,2548,2548,2548,2548
?,5008,5008,5008,5008,5008,5008,5008,5008,5008,5008
?,4325,4325,4325,4325,4325,4325,4325,4325,4325,4325
?,3473,3473,3473,3473,3473,3473,3473,3473,3473,3473
?,35,35,35,35,35,35,35,35,35,35
?,1964,1964,1964,1964,1964,1964,1964,1964,1964,1964
?,4069,4069,4069,4069,4069,4069,4069,4069,4069,4069
?,1166,1166,1166,1166,1166,1166,1166,1166,1166,1166
?,824,824,824,824,824,824,824,824,824,824
?,4139,4139,4139,4139,4139,4139,4139,4139,4139,4139
?,3155,3155,3155,3155,3155,3155,3155,3155,3155,3155
?,434,434,434,434,434,434,434,434,434,434
?,479,479,479,479,479,479,479,479,479,479
?,1660,1660,1660,1660,1660,1660,1660,1660,1660,1660
?,1337,1337,1337,1337,1337,1337,1337,1337,1337,1337
?,512,512,512,512,512,512,512,512,512,512
?,1652,1652,1652,1652,1652,1652,1652,1652,1652,1652
?,861,861,861,861,861,861,861,861,861,861
?,4872,4872,4872,4872,4872,4872,4872,4872,4872,4872
?,3660,3660,3660,3660,3660,3660,3660,3660,3660,3660
?,4512,4512,4512,4512,4512,4512,4512,4512,4512,4512
?,4852,4852,4852,4852,4852,4852,4852,4852,4852,4852
?,4952,4952,4952,4952,4952,4952,4952,4952,4952,4952
?,406,406,406,406,406,406,406,406,406,406
?,657,657,657,657,657,657,657,657,657,657
?,733,733,733,733,733,733,733,733,733,733
?,2262,2262,2262,2262,2262,2262,2262,2262,2262,2262
?,266,266,266,266,266,266,266,266,266,266
?,109,109,109,109,109,109,109,109,109,109
?,1720,1720,1720,1720,1720,1720,1720,1720,1720,1720
?,2440,2440,2440,2440,2440,2440,2440,2440,2440,2440
?,3890,3890,3890,3890,3890,3890,3890,3890,3890,3890
?,957,957,957,957,957,957,957,957,957,957
?,1972,1972,1972,1972,1972,1972,1972,1972,1972,1972
?,877,877,877,877,877,877,877,877,877,877
?,4067,4067,4067,4067,4067,4067,4067,4067,4067,4067
?,811,811,811,811,811,811,811,811,811,811
?,4831,4831,4831,4831,4831,4831,4831,4831,4831,4831
?,3823,3823,3823,3823,3823,3823,3823,3823,3823,3823
?,4545,4545,4545,4545,4545,4545,4545,4545,4545,4545
?,3400,3400,3400,3400,3400,3400,3400,3400,3400,3400
?,374,374,374,374,374,374,374,374,374,374
?,860,860,860,860,860,860,860,860,860,860
?,3179,3179,3179,3179,3179,3179,3179,3179,3179,3179
?,1275,1275,1275,1275,1275,1275,1275,1275,1275,1275
?,2907,2907,2907,2907,2907,2907,2907,2907,2907,2907
?,5054,5054,5054,5054,5054,5054,5054,5054,5054,5054
?,418,418,418,418,418,418,418,418,418,418
?,4157,4157,4157,4157,4157,4157,4157,4157,4157,4157
?,2117,2117,2117,2117,2117,2117,2117,2117,2117,2117
?,808,808,808,808,808,808,808,808,808,808
?,4767,4767,4767,4767,4767,4767,4767,4767,4767,4767
?,2334,2334,2334,2334,2334,2334,2334,2334,2334,2334
?,3823,3823,3823,3823,3823,3823,3823,3823,3823,3823
?,4292,4292,4292,4292,4292,4292,4292,4292,4292,4292
?,2693,2693,2693,2693,2693,2693,2693,2693,2693,2693
?,2988,2988,2988,2988,2988,2988,2988,2988,2988,2988
?,78,78,78,78,78,78,78,78,78,78
?,987,987,987,987,987,987,987,987,987,987
?,632,632,632,632,632,632,632,632,632,632
?,1688,1688,1688,1688,1688,1688,1688,1688,1688,1688
?,3585,3585,3585,3585,3585,3585,3585,3585,3585,3585
?,2792,2792,2792,2792,2792,2792,2792,2792,2792,2792
?,1831,1831,1831,1831,1831,1831,1831,1831,1831,1831
?,2767,2767,2767,2767,2767,2767,2767,2767,2767,2767
?,4343,4343,4343,4343,4343,4343,4343,4343,4343,4343
?,1357,1357,1357,1357,1357,1357,1357,1357,1357,1357
?,978,978,978,978,978,978,978,978,978,978
?,186,186,186,186,186,186,186,186,186,186
?,3872,3872,3872,3872,3872,3872,3872,3872,3872,3872
?,1364,1364,1364,1364,1364,1364,1364,1364,1364,1364
?,4573,4573,4573,4573,4573,4573,4573,4573,4573,4573
?,4330,4330,4330,4330,4330,4330,4330,4330,4330,4330
?,3635,3635,3635,3635,3635,3635,3635,3635,3635,3635
?,4282,4282,4282,4282,4282,4282,4282,4282,4282,4282
?,29,29,29,29,29,29,29,29,29,29
?,3864,3864,3864,3864,3864,3864,3864,3864,3864,3864
?,1128,1128,1128,1128,1128,1128,1128,1128,1128,1128
?,3834,3834,3834,3834,3834,3834,3834,3834,3834,3834
?,4905,4905,4905,4905,4905,4905,4905,4905,4905,4905
?,461,461,461,461,461,461,461,461,461,461
?,1858,1858,1858,1858,1858,1858,1858,1858,1858,1858
?,3834,3834,3834,3834,3834,3834,3834,3834,3834,3834
?,918,918,918,918,918,918,918,918,918,918
?,3404,3404,3404,3404,3404,3404,3404,3404,3404,3404
?,867,867,867,867,867,867,867,867,867,867
?,3496,3496,3496,3496,3496,3496,3496,3496,3496,3496
?,226,226,226,226,226,226,226,226,226,226
?,4527,4527,4527,4527,4527,4527,4527,4527,4527,4527
?,4195,4195,4195,4195,4195,4195,4195,4195,4195,4195
?,910,910,910,910,910,910,910,910,910,910
-,2211,2211,2211,2211,2211,2211,2211,2211,2211,2211
-,1757,1757,1757,1757,1757,1757,1757,1757,1757,1757
-,695,695,695,695,695,695,695,695,695,695
-,707,707,707,707,707,707,707,707,707,707
-,2462,2462,2462,2462,2462,2462,2462,2462,2462,2462
-,1628,1628,1628,1628,1628,1628,1628,1628,1628,1628
-,1404,1404,1404,1404,1404,1404,1404,1404,1404,1404
-,259,259,259,259,259,259,259,259,259,259
-,240,240,240,240,240,240,240,240,240,240
-,1984,1984,1984,1984,1984,1984,1984,1984,1984,1984
-,2049,2049,2049,2049,2049,2049,2049,2049,2049,2049
-,2148,2148,2148,2148,2148,2148,2148,2148,2148,2148
-,854,854,854,854,854,854,854,854,854,854
-,1774,1774,1774,1774,1774,1774,1774,1774,1774,1774
-,2789,2789,2789,2789,2789,2789,2789,2789,2789,2789
-,2980,2980,2980,2980,2980,2980,2980,2980,2980,2980
-,1278,1278,1278,1278,1278,1278,1278,1278,1278,1278
-,1045,1045,1045,1045,1045,1045,1045,1045,1045,1045
-,545,545,545,545,545,545,545,545,545,545
-,188,188,188,188,188,188,188,188,188,188
-,272,272,272,272,272,272,272,272,272,272
-,946,946,946,946,946,946,946,946,946,946
-,31,31,31,31,31,31,31,31,31,31
-,1964,1964,1964,1964,1964,1964,1964,1964,1964,1964
-,311,311,311,311,311,311,311,311,311,311
-,2615,2615,2615,2615,2615,2615,2615,2615,2615,2615
-,107,107,107,107,107,107,107,107,107,107
-,2645,2645,2645,2645,2645,2645,2645,2645,2645,2645
-,1514,1514,1514,1514,1514,1514,1514,1514,1514,1514
-,20,20,20,20,20,20,20,20,20,20
-,412,412,412,412,412,412,412,412,412,412
-,1129,1129,1129,1129,1129,1129,1129,1129,1129,1129
-,2460,2460,2460,2460,2460,2460,2460,2460,2460,2460
-,2681,2681,2681,2681,2681,2681,2681,2681,2681,2681
-,1830,1830,1830,1830,1830,1830,1830,1830,1830,1830
-,2753,2753,2753,2753,2753,2753,2753,2753,2753,2753
-,2838,2838,2838,2838,2838,2838,2838,2838,2838,2838
-,1231,1231,1231,1231,1231,1231,1231,1231,1231,1231
-,621,621,621,621,621,621,621,621,621,621
-,478,478,478,478,478,478,478,478,478,478
-,1861,1861,1861,1861,1861,1861,1861,1861,1861,1861
-,2857,2857,2857,2857,2857,2857,2857,2857,2857,2857
-,2759,2759,2759,2759,2759,2759,2759,2759,2759,2759
-,362,362,362,362,362,362,362,362,362,362
-,1323,1323,1323,1323,1323,1323,1323,1323,1323,1323
-,2332,2332,2332,2332,2332,2332,2332,2332,2332,2332
-,985,985,985,985,985,985,985,985,985,985
-,771,771,771,771,771,771,771,771,771,771
-,126,126,126,126,126,126,126,126,126,126
-,2634,2634,2634,2634,2634,2634,2634,2634,2634,2634
-,1258,1258,1258,1258,1258,1258,1258,1258,1258,1258
-,2103,2103,2103,2103,2103,2103,2103,2103,2103,2103
-,2970,2970,2970,2970,2970,2970,2970,2970,2970,2970
-,2854,2854,2854,2854,2854,2854,2854,2854,2854,2854
-,1561,1561,1561,1561,1561,1561,1561,1561,1561,1561
-,1698,1698,1698,1698,1698,1698,1698,1698,1698,1698
-,1995,1995,1995,1995,1995,1995,1995,1995,1995,1995
-,1711,1711,1711,1711,1711,1711,1711,1711,1711,1711
-,2732,2732,2732,2732,2732,2732,2732,2732,2732,2732
-,1533,1533,1533,1533,1533,1533,1533,1533,1533,1533
-,1486,1486,1486,1486,1486,1486,1486,1486,1486,1486
-,1746,1746,1746,1746,1746,1746,1746,1746,1746,1746
-,2034,2034,2034,2034,2034,2034,2034,2034,2034,2034
-,2130,2130,2130,2130,2130,2130,2130,2130,2130,2130
-,897,897,897,897,897,897,897,897,897,897
-,444,444,444,444,444,444,444,444,444,444
-,2182,2182,2182,2182,2182,2182,2182,2182,2182,2182
-,805,805,805,805,805,805,805,805,805,805
-,1406,1406,1406,1406,1406,1406,1406,1406,1406,1406
-,210,210,210,210,210,210,210,210,210,210
-,376,376,376,376,376,376,376,376,376,376
-,2981,2981,2981,2981,2981,2981,2981,2981,2981,2981
-,869,869,869,869,869,869,869,869,869,869
-,389,389,389,389,389,389,389,389,389,389
-,2118,2118,2118,2118,2118,2118,2118,2118,2118,2118
-,968,968,968,968,968,968,968,968,968,968
-,2385,2385,2385,2385,2385,2385,2385,2385,2385,2385
-,1320,1320,1320,1320,1320,1320,1320,1320,1320,1320
-,2963,2963,2963,2963,2963,2963,2963,2963,2963,2963
-,1856,1856,1856,1856,1856,1856,1856,1856,1856,1856
-,381,381,381,381,381,381,381,381,381,381
-,1867,1867,1867,1867,1867,1867,1867,1867,1867,1867
-,385,385,385,385,385,385,385,385,385,385
-,1313,1313,1313,1313,1313,1313,1313,1313,1313,1313
-,2289,2289,2289,2289,2289,2289,2289,2289,2289,2289
-,596,596,596,596,596,596,596,596,596,596
-,1114,1114,1114,1114,1114,1114,1114,1114,1114,1114
-,184,184,184,184,184,184,184,184,184,184
-,1421,1421,1421,1421,1421,1421,1421,1421,1421,1421
-,450,450,450,450,450,450,450,450,450,450
-,1801,1801,1801,1801,1801,1801,1801,1801,1801,1801
-,2206,2206,2206,2206,2206,2206,2206,2206,2206,2206
-,2265,2265,2265,2265,2265,2265,2265,2265,2265,2265
-,2412,2412,2412,2412,2412,2412,2412,2412,2412,2412
-,2537,2537,2537,2537,2537,2537,2537,2537,2537,2537
-,2152,2152,2152,2152,2152,2152,2152,2152,2152,2152
-,2679,2679,2679,2679,2679,2679,2679,2679,2679,2679
-,1428,1428,1428,1428,1428,1428,1428,1428,1428,1428
-,1419,1419,1419,1419,1419,1419,1419,1419,1419,1419
-,153,153,153,153,153,153,153,153,153,153
-,2275,2275,2275,2275,2275,2275,2275,2275,2275,2275
-,547,547,547,547,547,547,547,547,547,547
-,2079,2079,2079,2079,2079,2079,2079,2079,2079,2079
-,2832,2832,2832,2832,2832,2832,2832,2832,2832,2832
-,1606,1606,1606,1606,1606,1606,1606,1606,1606,1606
-,1480,1480,1480,1480,1480,1480,1480,1480,1480,1480
-,1017,1017,1017,1017,1017,1017,1017,1017,1017,1017
-,2221,2221,2221,2221,2221,2221,2221,2221,2221,2221
-,527,527,527,527,527,527,527,527,527,527
-,1653,1653,1653,1653,1653,1653,1653,1653,1653,1653
-,2691,2691,2691,2691,2691,2691,2691,2691,2691,2691
-,111,111,111,111,111,111,111,111,111,111
-,1147,1147,1147,1147,1147,1147,1147,1147,1147,1147
-,2967,2967,2967,2967,2967,2967,2967,2967,2967,2967
-,2881,2881,2881,2881,2881,2881,2881,2881,2881,2881
-,1838,1838,1838,1838,1838,1838,1838,1838,1838,1838
-,105,105,105,105,105,105,105,105,105,105
-,1410,1410,1410,1410,1410,1410,1410,1410,1410,1410
-,1499,1499,1499,1499,1499,1499,1499,1499,1499,1499
-,988,988,988,988,988,988,988,988,988,988
-,713,713,713,713,713,713,713,713,713,713
-,2213,2213,2213,2213,2213,2213,2213,2213,2213,2213
-,1580,1580,1580,1580,1580,1580,1580,1580,1580,1580
-,2665,2665,2665,2665,2665,2665,2665,2665,2665,2665
-,1772,1772,1772,1772,1772,1772,1772,1772,1772,1772
-,1631,1631,1631,1631,1631,1631,1631,1631,1631,1631
-,68,68,68,68,68,68,68,68,68,68
-,735,735,735,735,735,735,735,735,735,735
-,1064,1064,1064,1064,1064,1064,1064,1064,1064,1064
-,2192,2192,2192,2192,2192,2192,2192,2192,2192,2192
-,198,198,198,198,198,198,198,198,198,198
-,2614,2614,2614,2614,2614,2614,2614,2614,2614,2614
-,1819,1819,1819,1819,1819,1819,1819,1819,1819,1819
-,1358,1358,1358,1358,1358,1358,1358,1358,1358,1358
-,2913,2913,2913,2913,2913,2913,2913,2913,2913,2913
-,781,781,781,781,781,781,781,781,781,781
-,2717,2717,2717,2717,2717,2717,2717,2717,2717,2717
-,2746,2746,2746,2746,2746,2746,2746,2746,2746,2746
-,1705,1705,1705,1705,1705,1705,1705,1705,1705,1705
-,1707,1707,1707,1707,1707,1707,1707,1707,1707,1707
-,639,639,639,639,639,639,639,639,639,639
-,1223,1223,1223,1223,1223,1223,1223,1223,1223,1223
-,623,623,623,623,623,623,623,623,623,623
-,2509,2509,2509,2509,2509,2509,2509,2509,2509,2509
-,1211,1211,1211,1211,1211,1211,1211,1211,1211,1211
-,1391,1391,1391,1391,1391,1391,1391,1391,1391,1391
-,1418,1418,1418,1418,1418,1418,1418,1418,1418,1418
-,2628,2628,2628,2628,2628,2628,2628,2628,2628,2628
-,827,827,827,827,827,827,827,827,827,827
-,1272,1272,1272,1272,1272,1272,1272,1272,1272,1272
-,1457,1457,1457,1457,1457,1457,1457,1457,1457,1457
-,972,972,972,972,972,972,972,972,972,972
-,2865,2865,2865,2865,2865,2865,2865,2865,2865,2865
-,2616,2616,2616,2616,2616,2616,2616,2616,2616,2616
-,1190,1190,1190,1190,1190,1190,1190,1190,1190,1190
-,2812,2812,2812,2812,2812,2812,2812,2812,2812,2812
-,548,548,548,548,548,548,548,548,548,548
-,936,936,936,936,936,936,936,936,936,936
-,2254,2254,2254,2254,2254,2254,2254,2254,2254,2254
-,2336,2336,2336,2336,2336,2336,2336,2336,2336,2336
-,2464,2464,2464,2464,2464,2464,2464,2464,2464,2464
-,860,860,860,860,860,860,860,860,860,860
-,2640,2640,2640,2640,2640,2640,2640,2640,2640,2640
-,1143,1143,1143,1143,1143,1143,1143,1143,1143,1143
-,1624,1624,1624,1624,1624,1624,1624,1624,1624,1624
-,151,151,151,151,151,151,151,151,151,151
-,1501,1501,1501,1501,1501,1501,1501,1501,1501,1501
-,892,892,892,892,892,892,892,892,892,892
-,41,41,41,41,41,41,41,41,41,41
-,1840,1840,1840,1840,1840,1840,1840,1840,1840,1840
-,430,430,430,430,430,430,430,430,430,430
-,1354,1354,1354,1354,1354,1354,1354,1354,1354,1354
-,2226,2226,2226,2226,2226,2226,2226,2226,2226,2226
-,2247,2247,2247,2247,2247,2247,2247,2247,2247,2247
-,1822,1822,1822,1822,1822,1822,1822,1822,1822,1822
-,367,367,367,367,367,367,367,367,367,367
-,597,597,597,597,597,597,597,597,597,597
-,17,17,17,17,17,17,17,17,17,17
-,2378,2378,2378,2378,2378,2378,2378,2378,2378,2378
-,1394,1394,1394,1394,1394,1394,1394,1394,1394,1394
-,1380,1380,1380,1380,1380,1380,1380,1380,1380,1380
-,599,599,599,599,599,599,599,599,599,599
-,180,180,180,180,180,180,180,180,180,180
-,2208,2208,2208,2208,2208,2208,2208,2208,2208,2208
-,394,394,394,394,394,394,394,394,394,394
-,215,215,215,215,215,215,215,215,215,215
-,1641,1641,1641,1641,1641,1641,1641,1641,1641,1641
-,1622,1622,1622,1622,1622,1622,1622,1622,1622,1622
-,2026,2026,2026,2026,2026,2026,2026,2026,2026,2026
-,1340,1340,1340,1340,1340,1340,1340,1340,1340,1340
-,683,683,683,683,683,683,683,683,683,683
-,1092,1092,1092,1092,1092,1092,1092,1092,1092,1092
-,1862,1862,1862,1862,1862,1862,1862,1862,1862,1862
-,2769,2769,2769,2769,2769,2769,2769,2769,2769,2769
-,2626,2626,2626,2626,2626,2626,2626,2626,2626,2626
-,349,349,349,349,349,349,349,349,349,349
-,1173,1173,1173,1173,1173,1173,1173,1173,1173,1173
-,2937,2937,2937,2937,2937,2937,2937,2937,2937,2937
-,575,575,575,575,575,575,575,575,575,575
-,2501,2501,2501,2501,2501,2501,2501,2501,2501,2501
-,1878,1878,1878,1878,1878,1878,1878,1878,1878,1878
-,1537,1537,1537,1537,1537,1537,1537,1537,1537,1537
-,274,274,274,274,274,274,274,274,274,274
-,268,268,268,268,268,268,268,268,268,268
-,555,555,555,555,555,555,555,555,555,555
-,421,421,421,421,421,421,421,421,421,421
-,1955,1955,1955,1955,1955,1955,1955,1955,1955,1955
-,2880,2880,2880,2880,2880,2880,2880,2880,2880,2880
-,2274,2274,2274,2274,2274,2274,2274,2274,2274,2274
-,927,927,927,927,927,927,927,927,927,927
-,950,950,950,950,950,950,950,950,950,950
-,520,520,520,520,520,520,520,520,520,520
-,1976,1976,1976,1976,1976,1976,1976,1976,1976,1976
-,2092,2092,2092,2092,2092,2092,2092,2092,2092,2092
-,295,295,295,295,295,295,295,295,295,295
-,95,95,95,95,95,95,95,95,95,95
-,2738,2738,2738,2738,2738,2738,2738,2738,2738,2738
-,172,172,172,172,172,172,172,172,172,172
-,302,302,302,302,302,302,302,302,302,302
-,2828,2828,2828,2828,2828,2828,2828,2828,2828,2828
-,721,721,721,721,721,721,721,721,721,721
-,930,930,930,930,930,930,930,930,930,930
-,2729,2729,2729,2729,2729,2729,2729,2729,2729,2729
-,504,504,504,504,504,504,504,504,504,504
-,2351,2351,2351,2351,2351,2351,2351,2351,2351,2351
-,2644,2644,2644,2644,2644,2644,2644,2644,2644,2644
-,923,923,923,923,923,923,923,923,923,923
-,213,213,213,213,213,213,213,213,213,213
-,1281,1281,1281,1281,1281,1281,1281,1281,1281,1281
-,714,714,714,714,714,714,714,714,714,714
-,2266,2266,2266,2266,2266,2266,2266,2266,2266,2266
-,1842,1842,1842,1842,1842,1842,1842,1842,1842,1842
-,406,406,406,406,406,406,406,406,406,406
-,1784,1784,1784,1784,1784,1784,1784,1784,1784,1784
-,1117,1117,1117,1117,1117,1117,1117,1117,1117,1117
-,2193,2193,2193,2193,2193,2193,2193,2193,2193,2193
-,2839,2839,2839,2839,2839,2839,2839,2839,2839,2839
-,2007,2007,2007,2007,2007,2007,2007,2007,2007,2007
-,2506,2506,2506,2506,2506,2506,2506,2506,2506,2506
-,1594,1594,1594,1594,1594,1594,1594,1594,1594,1594
-,470,470,470,470,470,470,470,470,470,470
-,1356,1356,1356,1356,1356,1356,1356,1356,1356,1356
-,557,557,557,557,557,557,557,557,557,557
-,1300,1300,1300,1300,1300,1300,1300,1300,1300,1300
-,1132,1132,1132,1132,1132,1132,1132,1132,1132,1132
-,830,830,830,830,830,830,830,830,830,830
-,877,877,877,877,877,877,877,877,877,877
-,55,55,55,55,55,55,55,55,55,55
-,2474,2474,2474,2474,2474,2474,2474,2474,2474,2474
-,2108,2108,2108,2108,2108,2108,2108,2108,2108,2108
-,1446,1446,1446,1446,1446,1446,1446,1446,1446,1446
-,251,251,251,251,251,251,251,251,251,251
-,811,811,811,811,811,811,811,811,811,811
-,2319,2319,2319,2319,2319,2319,2319,2319,2319,2319
-,72,72,72,72,72,72,72,72,72,72
-,1373,1373,1373,1373,1373,1373,1373,1373,1373,1373
-,1588,1588,1588,1588,1588,1588,1588,1588,1588,1588
-,886,886,886,886,886,886,886,886,886,886
-,2876,2876,2876,2876,2876,2876,2876,2876,2876,2876
-,1121,1121,1121,1121,1121,1121,1121,1121,1121,1121
-,844,844,844,844,844,844,844,844,844,844
-,508,508,508,508,508,508,508,508,508,508
-,1449,1449,1449,1449,1449,1449,1449,1449,1449,1449
-,1551,1551,1551,1551,1551,1551,1551,1551,1551,1551
-,606,606,606,606,606,606,606,606,606,606
-,1613,1613,1613,1613,1613,1613,1613,1613,1613,1613
-,1669,1669,1669,1669,1669,1669,1669,1669,1669,1669
-,2004,2004,2004,2004,2004,2004,2004,2004,2004,2004
-,442,442,442,442,442,442,442,442,442,442
-,2978,2978,2978,2978,2978,2978,2978,2978,2978,2978
-,1330,1330,1330,1330,1330,1330,1330,1330,1330,1330
-,2422,2422,2422,2422,2422,2422,2422,2422,2422,2422
-,2656,2656,2656,2656,2656,2656,2656,2656,2656,2656
-,2478,2478,2478,2478,2478,2478,2478,2478,2478,2478
-,2847,2847,2847,2847,2847,2847,2847,2847,2847,2847
-,2215,2215,2215,2215,2215,2215,2215,2215,2215,2215
-,1870,1870,1870,1870,1870,1870,1870,1870,1870,1870
-,2469,2469,2469,2469,2469,2469,2469,2469,2469,2469
-,770,770,770,770,770,770,770,770,770,770
-,855,855,855,855,855,855,855,855,855,855
-,2259,2259,2259,2259,2259,2259,2259,2259,2259,2259
-,2427,2427,2427,2427,2427,2427,2427,2427,2427,2427
-,2507,2507,2507,2507,2507,2507,2507,2507,2507,2507
-,2788,2788,2788,2788,2788,2788,2788,2788,2788,2788
-,2751,2751,2751,2751,2751,2751,2751,2751,2751,2751
-,2602,2602,2602,2602,2602,2602,2602,2602,2602,2602
-,1645,1645,1645,1645,1645,1645,1645,1645,1645,1645
-,2341,2341,2341,2341,2341,2341,2341,2341,2341,2341
-,758,758,758,758,758,758,758,758,758,758
-,2749,2749,2749,2749,2749,2749,2749,2749,2749,2749
-,2870,2870,2870,2870,2870,2870,2870,2870,2870,2870
-,132,132,132,132,132,132,132,132,132,132
-,878,878,878,878,878,878,878,878,878,878
-,647,647,647,647,647,647,647,647,647,647
-,2406,2406,2406,2406,2406,2406,2406,2406,2406,2406
-,2973,2973,2973,2973,2973,2973,2973,2973,2973,2973
-,634,634,634,634,634,634,634,634,634,634
-,1402,1402,1402,1402,1402,1402,1402,1402,1402,1402
-,277,277,277,277,277,277,277,277,277,277
-,195,195,195,195,195,195,195,195,195,195
-,934,934,934,934,934,934,934,934,934,934
-,1511,1511,1511,1511,1511,1511,1511,1511,1511,1511
-,2404,2404,2404,2404,2404,2404,2404,2404,2404,2404
-,2066,2066,2066,2066,2066,2066,2066,2066,2066,2066
-,1021,1021,1021,1021,1021,1021,1021,1021,1021,1021
-,1441,1441,1441,1441,1441,1441,1441,1441,1441,1441
-,2959,2959,2959,2959,2959,2959,2959,2959,2959,2959
-,578,578,578,578,578,578,578,578,578,578
-,2488,2488,2488,2488,2488,2488,2488,2488,2488,2488
-,1107,1107,1107,1107,1107,1107,1107,1107,1107,1107
-,1301,1301,1301,1301,1301,1301,1301,1301,1301,1301
-,464,464,464,464,464,464,464,464,464,464
-,1219,1219,1219,1219,1219,1219,1219,1219,1219,1219
-,2864,2864,2864,2864,2864,2864,2864,2864,2864,2864
-,2370,2370,2370,2370,2370,2370,2370,2370,2370,2370
-,961,961,961,961,961,961,961,961,961,961
-,2255,2255,2255,2255,2255,2255,2255,2255,2255,2255
-,1350,1350,1350,1350,1350,1350,1350,1350,1350,1350
-,715,715,715,715,715,715,715,715,715,715
-,2862,2862,2862,2862,2862,2862,2862,2862,2862,2862
-,477,477,477,477,477,477,477,477,477,477
-,2074,2074,2074,2074,2074,2074,2074,2074,2074,2074
-,1339,1339,1339,1339,1339,1339,1339,1339,1339,1339
-,837,837,837,837,837,837,837,837,837,837
-,628,628,628,628,628,628,628,628,628,628
-,2161,2161,2161,2161,2161,2161,2161,2161,2161,2161
-,2350,2350,2350,2350,2350,2350,2350,2350,2350,2350
-,2042,2042,2042,2042,2042,2042,2042,2042,2042,2042
-,2475,2475,2475,2475,2475,2475,2475,2475,2475,2475
-,1347,1347,1347,1347,1347,1347,1347,1347,1347,1347
-,2331,2331,2331,2331,2331,2331,2331,2331,2331,2331
-,2209,2209,2209,2209,2209,2209,2209,2209,2209,2209
-,1696,1696,1696,1696,1696,1696,1696,1696,1696,1696
-,220,220,220,220,220,220,220,220,220,220
-,119,119,119,119,119,119,119,119,119,119
-,849,849,849,849,849,849,849,849,849,849
-,2430,2430,2430,2430,2430,2430,2430,2430,2430,2430
-,1985,1985,1985,1985,1985,1985,1985,1985,1985,1985
-,2352,2352,2352,2352,2352,2352,2352,2352,2352,2352
-,1409,1409,1409,1409,1409,1409,1409,1409,1409,1409
-,1762,1762,1762,1762,1762,1762,1762,1762,1762,1762
-,1000,1000,1000,1000,1000,1000,1000,1000,1000,1000
-,1817,1817,1817,1817,1817,1817,1817,1817,1817,1817
-,2893,2893,2893,2893,2893,2893,2893,2893,2893,2893
-,903,903,903,903,903,903,903,903,903,903
-,2117,2117,2117,2117,2117,2117,2117,2117,2117,2117
-,2308,2308,2308,2308,2308,2308,2308,2308,2308,2308
-,1863,1863,1863,1863,1863,1863,1863,1863,1863,1863
-,1891,1891,1891,1891,1891,1891,1891,1891,1891,1891
-,81,81,81,81,81,81,81,81,81,81
-,879,879,879,879,879,879,879,879,879,879
-,2766,2766,2766,2766,2766,2766,2766,2766,2766,2766
-,1047,1047,1047,1047,1047,1047,1047,1047,1047,1047
-,1224,1224,1224,1224,1224,1224,1224,1224,1224,1224
-,2674,2674,2674,2674,2674,2674,2674,2674,2674,2674
-,2581,2581,2581,2581,2581,2581,2581,2581,2581,2581
-,2735,2735,2735,2735,2735,2735,2735,2735,2735,2735
-,2428,2428,2428,2428,2428,2428,2428,2428,2428,2428
-,661,661,661,661,661,661,661,661,661,661
-,948,948,948,948,948,948,948,948,948,948
-,2306,2306,2306,2306,2306,2306,2306,2306,2306,2306
-,2246,2246,2246,2246,2246,2246,2246,2246,2246,2246
-,1460,1460,1460,1460,1460,1460,1460,1460,1460,1460
-,1889,1889,1889,1889,1889,1889,1889,1889,1889,1889
-,523,523,523,523,523,523,523,523,523,523
-,2637,2637,2637,2637,2637,2637,2637,2637,2637,2637
-,1152,1152,1152,1152,1152,1152,1152,1152,1152,1152
-,99,99,99,99,99,99,99,99,99,99
-,533,533,533,533,533,533,533,533,533,533
-,252,252,252,252,252,252,252,252,252,252
-,884,884,884,884,884,884,884,884,884,884
-,656,656,656,656,656,656,656,656,656,656
-,483,483,483,483,483,483,483,483,483,483
-,174,174,174,174,174,174,174,174,174,174
-,129,129,129,129,129,129,129,129,129,129
-,1929,1929,1929,1929,1929,1929,1929,1929,1929,1929
-,219,219,219,219,219,219,219,219,219,219
-,472,472,472,472,472,472,472,472,472,472
-,2522,2522,2522,2522,2522,2522,2522,2522,2522,2522
-,244,244,244,244,244,244,244,244,244,244
-,1958,1958,1958,1958,1958,1958,1958,1958,1958,1958
-,2687,2687,2687,2687,2687,2687,2687,2687,2687,2687
-,1965,1965,1965,1965,1965,1965,1965,1965,1965,1965
-,2363,2363,2363,2363,2363,2363,2363,2363,2363,2363
-,353,353,353,353,353,353,353,353,353,353
-,2371,2371,2371,2371,2371,2371,2371,2371,2371,2371
-,616,616,616,616,616,616,616,616,616,616
-,1940,1940,1940,1940,1940,1940,1940,1940,1940,1940
-,2121,2121,2121,2121,2121,2121,2121,2121,2121,2121
-,896,896,896,896,896,896,896,896,896,896
-,1443,1443,1443,1443,1443,1443,1443,1443,1443,1443
-,2301,2301,2301,2301,2301,2301,2301,2301,2301,2301
-,2528,2528,2528,2528,2528,2528,2528,2528,2528,2528
-,1006,1006,1006,1006,1006,1006,1006,1006,1006,1006
-,826,826,826,826,826,826,826,826,826,826
-,173,173,173,173,173,173,173,173,173,173
-,2239,2239,2239,2239,2239,2239,2239,2239,2239,2239
-,1344,1344,1344,1344,1344,1344,1344,1344,1344,1344
-,1512,1512,1512,1512,1512,1512,1512,1512,1512,1512
+,2167,561,599,720,956,901,546,824,666,76
+,1917,887,932,106,337,630,295,575,955,347
+,2440,257,16,4,716,74,186,701,461,447
+,1563,715,941,896,167,140,931,197,836,605
+,1576,543,720,937,311,961,509,307,176,846
+,260,951,652,165,349,407,732,472,764,516
+,2442,503,65,867,525,792,513,538,144,930
+,1729,131,209,461,538,658,559,664,494,59
+,2787,673,559,995,868,297,69,397,534,50
+,655,714,78,748,204,714,740,261,589,657
+,2570,410,313,478,765,588,613,549,995,890
+,626,277,400,25,771,695,332,527,438,703
+,449,638,275,580,793,815,396,197,904,694
+,192,247,994,3,876,635,878,940,455,157
+,372,404,823,122,51,859,556,60,587,901
+,2021,427,85,393,410,135,7,101,428,330
+,2087,922,326,750,460,700,518,416,973,284
+,566,511,681,949,535,969,408,330,335,769
+,898,367,909,505,360,102,989,176,260,481
+,1482,281,5,7,53,395,536,457,345,533
+,1635,828,424,827,543,876,135,298,699,58
+,2390,73,424,391,361,261,332,109,157,179
+,1754,262,882,309,266,70,788,524,602,626
+,2394,955,303,5,147,820,868,853,206,206
+,1076,416,934,547,436,17,524,794,238,856
+,2207,840,481,888,42,747,65,463,20,981
+,2299,418,198,46,903,637,305,829,959,274
+,1010,938,217,524,658,421,62,177,46,816
+,2993,340,748,49,553,626,753,547,228,31
+,1084,795,893,284,764,70,217,275,684,592
+,585,597,788,443,653,67,843,621,487,610
+,1879,888,864,941,840,916,589,898,498,138
+,2633,279,344,156,568,275,112,214,371,398
+,1620,276,539,13,305,325,936,43,475,209
+,2044,771,788,386,769,707,503,306,521,997
+,2684,586,329,510,655,654,976,228,586,257
+,870,19,909,344,598,848,643,779,561,46
+,1288,673,442,1,172,734,631,256,276,150
+,2323,892,828,877,45,820,238,992,92,362
+,864,543,614,998,781,143,340,533,287,625
+,271,891,17,479,195,864,319,157,41,232
?,3605,3605,3605,3605,3605,3605,3605,3605,3605,3605
?,3767,3767,3767,3767,3767,3767,3767,3767,3767,3767
?,3860,3860,3860,3860,3860,3860,3860,3860,3860,3860
?,2341,2341,2341,2341,2341,2341,2341,2341,2341,2341
?,3579,3579,3579,3579,3579,3579,3579,3579,3579,3579
?,3771,3771,3771,3771,3771,3771,3771,3771,3771,3771
?,2971,2971,2971,2971,2971,2971,2971,2971,2971,2971
?,2993,2993,2993,2993,2993,2993,2993,2993,2993,2993
?,932,932,932,932,932,932,932,932,932,932
?,2530,2530,2530,2530,2530,2530,2530,2530,2530,2530
?,547,547,547,547,547,547,547,547,547,547
?,4207,4207,4207,4207,4207,4207,4207,4207,4207,4207
?,3485,3485,3485,3485,3485,3485,3485,3485,3485,3485
?,2190,2190,2190,2190,2190,2190,2190,2190,2190,2190
?,4282,4282,4282,4282,4282,4282,4282,4282,4282,4282
?,1303,1303,1303,1303,1303,1303,1303,1303,1303,1303
?,1651,1651,1651,1651,1651,1651,1651,1651,1651,1651
?,31,31,31,31,31,31,31,31,31,31
?,4104,4104,4104,4104,4104,4104,4104,4104,4104,4104
?,4277,4277,4277,4277,4277,4277,4277,4277,4277,4277
?,1058,1058,1058,1058,1058,1058,1058,1058,1058,1058
?,2622,2622,2622,2622,2622,2622,2622,2622,2622,2622
?,4260,4260,4260,4260,4260,4260,4260,4260,4260,4260
?,3248,3248,3248,3248,3248,3248,3248,3248,3248,3248
?,4214,4214,4214,4214,4214,4214,4214,4214,4214,4214
?,2265,2265,2265,2265,2265,2265,2265,2265,2265,2265
?,869,869,869,869,869,869,869,869,869,869
?,3443,3443,3443,3443,3443,3443,3443,3443,3443,3443
?,1304,1304,1304,1304,1304,1304,1304,1304,1304,1304
?,2005,2005,2005,2005,2005,2005,2005,2005,2005,2005
?,1801,1801,1801,1801,1801,1801,1801,1801,1801,1801
?,1379,1379,1379,1379,1379,1379,1379,1379,1379,1379
?,3518,3518,3518,3518,3518,3518,3518,3518,3518,3518
?,256,256,256,256,256,256,256,256,256,256
?,2954,2954,2954,2954,2954,2954,2954,2954,2954,2954
?,3087,3087,3087,3087,3087,3087,3087,3087,3087,3087
?,2294,2294,2294,2294,2294,2294,2294,2294,2294,2294
?,1358,1358,1358,1358,1358,1358,1358,1358,1358,1358
?,3763,3763,3763,3763,3763,3763,3763,3763,3763,3763
?,3441,3441,3441,3441,3441,3441,3441,3441,3441,3441
?,3937,3937,3937,3937,3937,3937,3937,3937,3937,3937
?,2397,2397,2397,2397,2397,2397,2397,2397,2397,2397
?,4230,4230,4230,4230,4230,4230,4230,4230,4230,4230
?,1719,1719,1719,1719,1719,1719,1719,1719,1719,1719
?,809,809,809,809,809,809,809,809,809,809
?,3633,3633,3633,3633,3633,3633,3633,3633,3633,3633
?,1577,1577,1577,1577,1577,1577,1577,1577,1577,1577
?,21,21,21,21,21,21,21,21,21,21
?,3146,3146,3146,3146,3146,3146,3146,3146,3146,3146
?,3301,3301,3301,3301,3301,3301,3301,3301,3301,3301
-,1146,1146,1146,1146,1146,1146,1146,1146,1146,1146
-,2055,2055,2055,2055,2055,2055,2055,2055,2055,2055
-,712,712,712,712,712,712,712,712,712,712
-,1170,1170,1170,1170,1170,1170,1170,1170,1170,1170
-,350,350,350,350,350,350,350,350,350,350
-,834,834,834,834,834,834,834,834,834,834
-,2971,2971,2971,2971,2971,2971,2971,2971,2971,2971
-,1468,1468,1468,1468,1468,1468,1468,1468,1468,1468
-,1238,1238,1238,1238,1238,1238,1238,1238,1238,1238
-,305,305,305,305,305,305,305,305,305,305
-,1005,1005,1005,1005,1005,1005,1005,1005,1005,1005
-,2504,2504,2504,2504,2504,2504,2504,2504,2504,2504
-,2388,2388,2388,2388,2388,2388,2388,2388,2388,2388
-,2264,2264,2264,2264,2264,2264,2264,2264,2264,2264
-,1028,1028,1028,1028,1028,1028,1028,1028,1028,1028
-,2335,2335,2335,2335,2335,2335,2335,2335,2335,2335
-,736,736,736,736,736,736,736,736,736,736
-,1399,1399,1399,1399,1399,1399,1399,1399,1399,1399
-,2134,2134,2134,2134,2134,2134,2134,2134,2134,2134
-,2552,2552,2552,2552,2552,2552,2552,2552,2552,2552
-,2635,2635,2635,2635,2635,2635,2635,2635,2635,2635
-,1834,1834,1834,1834,1834,1834,1834,1834,1834,1834
-,622,622,622,622,622,622,622,622,622,622
-,534,534,534,534,534,534,534,534,534,534
+,1096,412,528,953,325,390,288,458,112,498
+,1643,835,461,562,268,36,93,985,949,622
+,1292,158,909,473,809,933,672,105,414,918
+,131,539,710,572,661,720,209,495,718,105
+,938,95,109,374,528,950,398,434,818,529
+,229,115,87,582,584,481,846,851,394,449
+,1328,593,753,729,533,206,679,203,163,423
+,2804,487,890,42,736,328,885,28,340,992
+,899,212,383,194,261,365,659,552,68,602
+,2281,432,335,450,722,153,558,378,252,373
+,2818,245,253,592,671,607,788,779,521,167
+,2621,163,397,409,675,145,96,479,927,795
+,1105,493,343,572,44,68,697,338,552,833
+,1554,951,435,438,561,496,619,889,213,4
?,53,53,53,53,53,53,53,53,53,53
?,1243,1243,1243,1243,1243,1243,1243,1243,1243,1243
?,4223,4223,4223,4223,4223,4223,4223,4223,4223,4223
?,2794,2794,2794,2794,2794,2794,2794,2794,2794,2794
?,1676,1676,1676,1676,1676,1676,1676,1676,1676,1676
?,1291,1291,1291,1291,1291,1291,1291,1291,1291,1291
?,3785,3785,3785,3785,3785,3785,3785,3785,3785,3785
?,1465,1465,1465,1465,1465,1465,1465,1465,1465,1465
?,3924,3924,3924,3924,3924,3924,3924,3924,3924,3924
?,3148,3148,3148,3148,3148,3148,3148,3148,3148,3148
?,3523,3523,3523,3523,3523,3523,3523,3523,3523,3523
?,1819,1819,1819,1819,1819,1819,1819,1819,1819,1819
?,2090,2090,2090,2090,2090,2090,2090,2090,2090,2090
?,2595,2595,2595,2595,2595,2595,2595,2595,2595,2595
?,571,571,571,571,571,571,571,571,571,571
?,3040,3040,3040,3040,3040,3040,3040,3040,3040,3040
?,502,502,502,502,502,502,502,502,502,502
?,1349,1349,1349,1349,1349,1349,1349,1349,1349,1349
?,2621,2621,2621,2621,2621,2621,2621,2621,2621,2621
?,1031,1031,1031,1031,1031,1031,1031,1031,1031,1031
?,4243,4243,4243,4243,4243,4243,4243,4243,4243,4243
?,3037,3037,3037,3037,3037,3037,3037,3037,3037,3037
?,2457,2457,2457,2457,2457,2457,2457,2457,2457,2457
?,3494,3494,3494,3494,3494,3494,3494,3494,3494,3494
?,873,873,873,873,873,873,873,873,873,873
?,1955,1955,1955,1955,1955,1955,1955,1955,1955,1955
?,37,37,37,37,37,37,37,37,37,37
?,3827,3827,3827,3827,3827,3827,3827,3827,3827,3827
?,1561,1561,1561,1561,1561,1561,1561,1561,1561,1561
?,63,63,63,63,63,63,63,63,63,63
?,3866,3866,3866,3866,3866,3866,3866,3866,3866,3866
?,1025,1025,1025,1025,1025,1025,1025,1025,1025,1025
?,66,66,66,66,66,66,66,66,66,66
?,3742,3742,3742,3742,3742,3742,3742,3742,3742,3742
?,1834,1834,1834,1834,1834,1834,1834,1834,1834,1834
?,1368,1368,1368,1368,1368,1368,1368,1368,1368,1368
?,3964,3964,3964,3964,3964,3964,3964,3964,3964,3964
?,3893,3893,3893,3893,3893,3893,3893,3893,3893,3893
?,3844,3844,3844,3844,3844,3844,3844,3844,3844,3844
?,3735,3735,3735,3735,3735,3735,3735,3735,3735,3735
?,950,950,950,950,950,950,950,950,950,950
?,991,991,991,991,991,991,991,991,991,991
?,4107,4107,4107,4107,4107,4107,4107,4107,4107,4107
?,2397,2397,2397,2397,2397,2397,2397,2397,2397,2397
?,1149,1149,1149,1149,1149,1149,1149,1149,1149,1149
?,2614,2614,2614,2614,2614,2614,2614,2614,2614,2614
?,1051,1051,1051,1051,1051,1051,1051,1051,1051,1051
?,3939,3939,3939,3939,3939,3939,3939,3939,3939,3939
?,4129,4129,4129,4129,4129,4129,4129,4129,4129,4129
?,3195,3195,3195,3195,3195,3195,3195,3195,3195,3195
?,1626,1626,1626,1626,1626,1626,1626,1626,1626,1626
?,9,9,9,9,9,9,9,9,9,9
?,504,504,504,504,504,504,504,504,504,504
?,71,71,71,71,71,71,71,71,71,71
?,3626,3626,3626,3626,3626,3626,3626,3626,3626,3626
?,680,680,680,680,680,680,680,680,680,680
?,1200,1200,1200,1200,1200,1200,1200,1200,1200,1200
?,600,600,600,600,600,600,600,600,600,600
?,394,394,394,394,394,394,394,394,394,394
?,1160,1160,1160,1160,1160,1160,1160,1160,1160,1160
?,2283,2283,2283,2283,2283,2283,2283,2283,2283,2283
?,1154,1154,1154,1154,1154,1154,1154,1154,1154,1154
?,1585,1585,1585,1585,1585,1585,1585,1585,1585,1585
?,2419,2419,2419,2419,2419,2419,2419,2419,2419,2419
?,2378,2378,2378,2378,2378,2378,2378,2378,2378,2378
?,4005,4005,4005,4005,4005,4005,4005,4005,4005,4005
?,1775,1775,1775,1775,1775,1775,1775,1775,1775,1775
?,425,425,425,425,425,425,425,425,425,425
?,2858,2858,2858,2858,2858,2858,2858,2858,2858,2858
?,3961,3961,3961,3961,3961,3961,3961,3961,3961,3961
?,3663,3663,3663,3663,3663,3663,3663,3663,3663,3663
?,3848,3848,3848,3848,3848,3848,3848,3848,3848,3848
?,770,770,770,770,770,770,770,770,770,770
?,3500,3500,3500,3500,3500,3500,3500,3500,3500,3500
?,986,986,986,986,986,986,986,986,986,986
?,3890,3890,3890,3890,3890,3890,3890,3890,3890,3890
?,888,888,888,888,888,888,888,888,888,888
?,3082,3082,3082,3082,3082,3082,3082,3082,3082,3082
?,2989,2989,2989,2989,2989,2989,2989,2989,2989,2989
?,3560,3560,3560,3560,3560,3560,3560,3560,3560,3560
?,2867,2867,2867,2867,2867,2867,2867,2867,2867,2867
?,3267,3267,3267,3267,3267,3267,3267,3267,3267,3267
?,3299,3299,3299,3299,3299,3299,3299,3299,3299,3299
?,3730,3730,3730,3730,3730,3730,3730,3730,3730,3730
?,3332,3332,3332,3332,3332,3332,3332,3332,3332,3332
?,2425,2425,2425,2425,2425,2425,2425,2425,2425,2425
?,334,334,334,334,334,334,334,334,334,334
?,3094,3094,3094,3094,3094,3094,3094,3094,3094,3094
?,4293,4293,4293,4293,4293,4293,4293,4293,4293,4293
?,1922,1922,1922,1922,1922,1922,1922,1922,1922,1922
?,1596,1596,1596,1596,1596,1596,1596,1596,1596,1596
?,2356,2356,2356,2356,2356,2356,2356,2356,2356,2356
?,2180,2180,2180,2180,2180,2180,2180,2180,2180,2180
?,132,132,132,132,132,132,132,132,132,132
?,144,144,144,144,144,144,144,144,144,144
?,3004,3004,3004,3004,3004,3004,3004,3004,3004,3004
?,1248,1248,1248,1248,1248,1248,1248,1248,1248,1248
?,1323,1323,1323,1323,1323,1323,1323,1323,1323,1323
?,2307,2307,2307,2307,2307,2307,2307,2307,2307,2307
?,1134,1134,1134,1134,1134,1134,1134,1134,1134,1134
?,3112,3112,3112,3112,3112,3112,3112,3112,3112,3112
?,2987,2987,2987,2987,2987,2987,2987,2987,2987,2987
?,1608,1608,1608,1608,1608,1608,1608,1608,1608,1608
?,3760,3760,3760,3760,3760,3760,3760,3760,3760,3760
-,692,692,692,692,692,692,692,692,692,692
-,497,497,497,497,497,497,497,497,497,497
-,2409,2409,2409,2409,2409,2409,2409,2409,2409,2409
-,1846,1846,1846,1846,1846,1846,1846,1846,1846,1846
-,732,732,732,732,732,732,732,732,732,732
-,271,271,271,271,271,271,271,271,271,271
-,1172,1172,1172,1172,1172,1172,1172,1172,1172,1172
-,2983,2983,2983,2983,2983,2983,2983,2983,2983,2983
-,657,657,657,657,657,657,657,657,657,657
-,2080,2080,2080,2080,2080,2080,2080,2080,2080,2080
-,293,293,293,293,293,293,293,293,293,293
-,58,58,58,58,58,58,58,58,58,58
-,919,919,919,919,919,919,919,919,919,919
-,1992,1992,1992,1992,1992,1992,1992,1992,1992,1992
-,1071,1071,1071,1071,1071,1071,1071,1071,1071,1071
-,567,567,567,567,567,567,567,567,567,567
-,2720,2720,2720,2720,2720,2720,2720,2720,2720,2720
-,1786,1786,1786,1786,1786,1786,1786,1786,1786,1786
-,1989,1989,1989,1989,1989,1989,1989,1989,1989,1989
-,2288,2288,2288,2288,2288,2288,2288,2288,2288,2288
-,1209,1209,1209,1209,1209,1209,1209,1209,1209,1209
-,432,432,432,432,432,432,432,432,432,432
-,1914,1914,1914,1914,1914,1914,1914,1914,1914,1914
-,2617,2617,2617,2617,2617,2617,2617,2617,2617,2617
-,651,651,651,651,651,651,651,651,651,651
-,2772,2772,2772,2772,2772,2772,2772,2772,2772,2772
-,1376,1376,1376,1376,1376,1376,1376,1376,1376,1376
-,2224,2224,2224,2224,2224,2224,2224,2224,2224,2224
-,1033,1033,1033,1033,1033,1033,1033,1033,1033,1033
-,1061,1061,1061,1061,1061,1061,1061,1061,1061,1061
-,2743,2743,2743,2743,2743,2743,2743,2743,2743,2743
-,768,768,768,768,768,768,768,768,768,768
-,1672,1672,1672,1672,1672,1672,1672,1672,1672,1672
-,690,690,690,690,690,690,690,690,690,690
-,2100,2100,2100,2100,2100,2100,2100,2100,2100,2100
-,2741,2741,2741,2741,2741,2741,2741,2741,2741,2741
-,2290,2290,2290,2290,2290,2290,2290,2290,2290,2290
-,1527,1527,1527,1527,1527,1527,1527,1527,1527,1527
-,113,113,113,113,113,113,113,113,113,113
-,921,921,921,921,921,921,921,921,921,921
+,1893,896,90,544,397,385,33,315,496,314
+,669,888,249,218,565,604,858,92,259,464
+,1002,758,512,347,171,267,466,306,885,309
+,2187,131,2,192,335,620,268,288,105,17
+,700,918,764,894,688,170,938,739,231,801
+,2600,492,660,231,858,365,84,550,937,765
+,2495,716,772,880,416,423,317,947,887,885
+,292,490,309,97,208,92,992,208,940,375
+,2654,517,690,192,8,144,363,526,382,200
?,3428,3428,3428,3428,3428,3428,3428,3428,3428,3428
?,2608,2608,2608,2608,2608,2608,2608,2608,2608,2608
?,644,644,644,644,644,644,644,644,644,644
?,2862,2862,2862,2862,2862,2862,2862,2862,2862,2862
?,1721,1721,1721,1721,1721,1721,1721,1721,1721,1721
?,2988,2988,2988,2988,2988,2988,2988,2988,2988,2988
?,1375,1375,1375,1375,1375,1375,1375,1375,1375,1375
?,975,975,975,975,975,975,975,975,975,975
?,4006,4006,4006,4006,4006,4006,4006,4006,4006,4006
?,2686,2686,2686,2686,2686,2686,2686,2686,2686,2686
?,2816,2816,2816,2816,2816,2816,2816,2816,2816,2816
?,475,475,475,475,475,475,475,475,475,475
?,2487,2487,2487,2487,2487,2487,2487,2487,2487,2487
?,623,623,623,623,623,623,623,623,623,623
?,1400,1400,1400,1400,1400,1400,1400,1400,1400,1400
?,3073,3073,3073,3073,3073,3073,3073,3073,3073,3073
?,2706,2706,2706,2706,2706,2706,2706,2706,2706,2706
?,2958,2958,2958,2958,2958,2958,2958,2958,2958,2958
?,4251,4251,4251,4251,4251,4251,4251,4251,4251,4251
?,907,907,907,907,907,907,907,907,907,907
?,3087,3087,3087,3087,3087,3087,3087,3087,3087,3087
?,3775,3775,3775,3775,3775,3775,3775,3775,3775,3775
?,2828,2828,2828,2828,2828,2828,2828,2828,2828,2828
?,1457,1457,1457,1457,1457,1457,1457,1457,1457,1457
?,1763,1763,1763,1763,1763,1763,1763,1763,1763,1763
?,1684,1684,1684,1684,1684,1684,1684,1684,1684,1684
?,796,796,796,796,796,796,796,796,796,796
?,1806,1806,1806,1806,1806,1806,1806,1806,1806,1806
?,2549,2549,2549,2549,2549,2549,2549,2549,2549,2549
?,752,752,752,752,752,752,752,752,752,752
?,337,337,337,337,337,337,337,337,337,337
?,455,455,455,455,455,455,455,455,455,455
?,1607,1607,1607,1607,1607,1607,1607,1607,1607,1607
?,533,533,533,533,533,533,533,533,533,533
?,2116,2116,2116,2116,2116,2116,2116,2116,2116,2116
?,3156,3156,3156,3156,3156,3156,3156,3156,3156,3156
?,1549,1549,1549,1549,1549,1549,1549,1549,1549,1549
?,2123,2123,2123,2123,2123,2123,2123,2123,2123,2123
?,1042,1042,1042,1042,1042,1042,1042,1042,1042,1042
?,1418,1418,1418,1418,1418,1418,1418,1418,1418,1418
?,2554,2554,2554,2554,2554,2554,2554,2554,2554,2554
?,1287,1287,1287,1287,1287,1287,1287,1287,1287,1287
?,843,843,843,843,843,843,843,843,843,843
?,3031,3031,3031,3031,3031,3031,3031,3031,3031,3031
?,3796,3796,3796,3796,3796,3796,3796,3796,3796,3796
?,1984,1984,1984,1984,1984,1984,1984,1984,1984,1984
?,427,427,427,427,427,427,427,427,427,427
?,833,833,833,833,833,833,833,833,833,833
?,1421,1421,1421,1421,1421,1421,1421,1421,1421,1421
?,519,519,519,519,519,519,519,519,519,519
?,4219,4219,4219,4219,4219,4219,4219,4219,4219,4219
?,2576,2576,2576,2576,2576,2576,2576,2576,2576,2576
?,1268,1268,1268,1268,1268,1268,1268,1268,1268,1268
?,3869,3869,3869,3869,3869,3869,3869,3869,3869,3869
?,1583,1583,1583,1583,1583,1583,1583,1583,1583,1583
?,2419,2419,2419,2419,2419,2419,2419,2419,2419,2419
?,743,743,743,743,743,743,743,743,743,743
?,714,714,714,714,714,714,714,714,714,714
?,2423,2423,2423,2423,2423,2423,2423,2423,2423,2423
?,3290,3290,3290,3290,3290,3290,3290,3290,3290,3290
?,722,722,722,722,722,722,722,722,722,722
?,1611,1611,1611,1611,1611,1611,1611,1611,1611,1611
?,2044,2044,2044,2044,2044,2044,2044,2044,2044,2044
?,687,687,687,687,687,687,687,687,687,687
?,2723,2723,2723,2723,2723,2723,2723,2723,2723,2723
?,2920,2920,2920,2920,2920,2920,2920,2920,2920,2920
?,2970,2970,2970,2970,2970,2970,2970,2970,2970,2970
?,1604,1604,1604,1604,1604,1604,1604,1604,1604,1604
?,443,443,443,443,443,443,443,443,443,443
-,98,98,98,98,98,98,98,98,98,98
-,734,734,734,734,734,734,734,734,734,734
-,2200,2200,2200,2200,2200,2200,2200,2200,2200,2200
+,2799,508,972,124,915,954,401,442,816,236
+,2874,981,527,646,665,134,284,419,251,17
+,1093,802,440,123,762,420,137,865,872,76
+,2745,685,893,549,672,373,913,971,733,442
+,858,323,134,9,894,797,0,469,446,962
+,1455,320,42,296,157,56,321,621,575,675
+,1516,512,828,367,683,667,430,609,456,471
+,666,79,313,194,702,220,709,987,432,24
+,1494,955,517,43,763,783,607,38,111,45
+,2603,938,291,783,772,427,750,98,869,51
+,1857,221,614,152,497,851,525,537,512,570
+,2962,550,608,212,39,287,818,997,917,400
+,2956,117,395,960,248,568,535,116,417,990
+,413,484,724,548,751,360,90,540,836,701
+,953,954,430,953,610,46,358,642,36,676
+,326,390,342,409,776,570,549,776,164,389
+,1185,180,536,35,12,490,972,159,731,499
+,933,843,1,741,653,567,114,689,684,966
+,2708,297,458,158,647,197,469,215,360,430
+,187,18,477,528,228,744,741,729,799,29
+,284,546,227,50,787,409,618,454,975,905
+,2885,778,612,598,643,583,380,105,656,261
+,787,1000,290,622,561,209,421,472,913,81
+,2364,396,492,269,577,36,966,445,388,539
+,1481,740,427,460,381,70,889,574,345,781
+,2533,914,103,86,435,311,362,441,46,359
+,2574,622,814,374,840,411,212,310,254,948
+,1200,91,515,49,938,640,671,449,214,602
+,2261,150,16,737,33,137,357,541,854,984
+,322,438,339,776,809,219,245,789,480,720
+,1550,493,813,247,18,693,204,101,387,507
+,511,570,492,110,606,801,164,859,425,110
+,2196,289,560,492,689,157,12,872,105,147
+,1881,680,58,141,976,383,978,837,297,345
+,177,24,673,59,350,302,604,32,519,762
+,1083,37,681,577,600,940,563,863,213,581
+,2472,507,411,646,469,242,532,522,489,138
+,1408,386,99,401,219,13,207,817,812,790
+,1470,254,538,225,790,687,60,28,30,594
+,396,298,228,320,161,629,314,633,959,231
+,1556,503,708,997,731,284,108,448,581,579
?,2574,2574,2574,2574,2574,2574,2574,2574,2574,2574
?,2224,2224,2224,2224,2224,2224,2224,2224,2224,2224
?,3386,3386,3386,3386,3386,3386,3386,3386,3386,3386
?,3175,3175,3175,3175,3175,3175,3175,3175,3175,3175
?,1251,1251,1251,1251,1251,1251,1251,1251,1251,1251
?,4195,4195,4195,4195,4195,4195,4195,4195,4195,4195
?,4068,4068,4068,4068,4068,4068,4068,4068,4068,4068
?,1595,1595,1595,1595,1595,1595,1595,1595,1595,1595
?,2943,2943,2943,2943,2943,2943,2943,2943,2943,2943
?,818,818,818,818,818,818,818,818,818,818
?,4276,4276,4276,4276,4276,4276,4276,4276,4276,4276
?,3094,3094,3094,3094,3094,3094,3094,3094,3094,3094
?,1285,1285,1285,1285,1285,1285,1285,1285,1285,1285
?,1191,1191,1191,1191,1191,1191,1191,1191,1191,1191
?,2760,2760,2760,2760,2760,2760,2760,2760,2760,2760
?,1272,1272,1272,1272,1272,1272,1272,1272,1272,1272
?,3706,3706,3706,3706,3706,3706,3706,3706,3706,3706
?,2682,2682,2682,2682,2682,2682,2682,2682,2682,2682
?,3312,3312,3312,3312,3312,3312,3312,3312,3312,3312
?,457,457,457,457,457,457,457,457,457,457
?,35,35,35,35,35,35,35,35,35,35
?,1360,1360,1360,1360,1360,1360,1360,1360,1360,1360
?,1044,1044,1044,1044,1044,1044,1044,1044,1044,1044
?,2047,2047,2047,2047,2047,2047,2047,2047,2047,2047
?,307,307,307,307,307,307,307,307,307,307
?,1063,1063,1063,1063,1063,1063,1063,1063,1063,1063
?,1839,1839,1839,1839,1839,1839,1839,1839,1839,1839
?,2351,2351,2351,2351,2351,2351,2351,2351,2351,2351
?,320,320,320,320,320,320,320,320,320,320
?,3050,3050,3050,3050,3050,3050,3050,3050,3050,3050
?,3132,3132,3132,3132,3132,3132,3132,3132,3132,3132
?,3835,3835,3835,3835,3835,3835,3835,3835,3835,3835
?,3700,3700,3700,3700,3700,3700,3700,3700,3700,3700
?,837,837,837,837,837,837,837,837,837,837
?,1512,1512,1512,1512,1512,1512,1512,1512,1512,1512
?,2945,2945,2945,2945,2945,2945,2945,2945,2945,2945
?,646,646,646,646,646,646,646,646,646,646
?,3023,3023,3023,3023,3023,3023,3023,3023,3023,3023
?,4249,4249,4249,4249,4249,4249,4249,4249,4249,4249
?,357,357,357,357,357,357,357,357,357,357
?,2150,2150,2150,2150,2150,2150,2150,2150,2150,2150
?,838,838,838,838,838,838,838,838,838,838
?,4232,4232,4232,4232,4232,4232,4232,4232,4232,4232
?,1360,1360,1360,1360,1360,1360,1360,1360,1360,1360
?,4153,4153,4153,4153,4153,4153,4153,4153,4153,4153
?,99,99,99,99,99,99,99,99,99,99
?,2760,2760,2760,2760,2760,2760,2760,2760,2760,2760
?,569,569,569,569,569,569,569,569,569,569
?,3382,3382,3382,3382,3382,3382,3382,3382,3382,3382
?,3298,3298,3298,3298,3298,3298,3298,3298,3298,3298
?,3534,3534,3534,3534,3534,3534,3534,3534,3534,3534
?,356,356,356,356,356,356,356,356,356,356
?,941,941,941,941,941,941,941,941,941,941
?,1473,1473,1473,1473,1473,1473,1473,1473,1473,1473
?,1782,1782,1782,1782,1782,1782,1782,1782,1782,1782
?,1042,1042,1042,1042,1042,1042,1042,1042,1042,1042
?,3997,3997,3997,3997,3997,3997,3997,3997,3997,3997
?,4319,4319,4319,4319,4319,4319,4319,4319,4319,4319
?,2408,2408,2408,2408,2408,2408,2408,2408,2408,2408
?,2257,2257,2257,2257,2257,2257,2257,2257,2257,2257
?,3981,3981,3981,3981,3981,3981,3981,3981,3981,3981
?,276,276,276,276,276,276,276,276,276,276
?,3127,3127,3127,3127,3127,3127,3127,3127,3127,3127
?,1587,1587,1587,1587,1587,1587,1587,1587,1587,1587
?,3411,3411,3411,3411,3411,3411,3411,3411,3411,3411
?,680,680,680,680,680,680,680,680,680,680
?,2674,2674,2674,2674,2674,2674,2674,2674,2674,2674
?,1152,1152,1152,1152,1152,1152,1152,1152,1152,1152
?,3881,3881,3881,3881,3881,3881,3881,3881,3881,3881
?,3203,3203,3203,3203,3203,3203,3203,3203,3203,3203
?,2646,2646,2646,2646,2646,2646,2646,2646,2646,2646
?,2309,2309,2309,2309,2309,2309,2309,2309,2309,2309
?,2481,2481,2481,2481,2481,2481,2481,2481,2481,2481
?,2482,2482,2482,2482,2482,2482,2482,2482,2482,2482
?,1273,1273,1273,1273,1273,1273,1273,1273,1273,1273
?,122,122,122,122,122,122,122,122,122,122
?,1186,1186,1186,1186,1186,1186,1186,1186,1186,1186
?,1312,1312,1312,1312,1312,1312,1312,1312,1312,1312
?,2127,2127,2127,2127,2127,2127,2127,2127,2127,2127
?,1223,1223,1223,1223,1223,1223,1223,1223,1223,1223
?,2057,2057,2057,2057,2057,2057,2057,2057,2057,2057
?,3219,3219,3219,3219,3219,3219,3219,3219,3219,3219
?,1568,1568,1568,1568,1568,1568,1568,1568,1568,1568
?,578,578,578,578,578,578,578,578,578,578
?,2002,2002,2002,2002,2002,2002,2002,2002,2002,2002
?,3781,3781,3781,3781,3781,3781,3781,3781,3781,3781
?,1923,1923,1923,1923,1923,1923,1923,1923,1923,1923
?,3785,3785,3785,3785,3785,3785,3785,3785,3785,3785
?,630,630,630,630,630,630,630,630,630,630
?,2460,2460,2460,2460,2460,2460,2460,2460,2460,2460
?,3007,3007,3007,3007,3007,3007,3007,3007,3007,3007
?,341,341,341,341,341,341,341,341,341,341
?,1855,1855,1855,1855,1855,1855,1855,1855,1855,1855
?,604,604,604,604,604,604,604,604,604,604
?,901,901,901,901,901,901,901,901,901,901
?,259,259,259,259,259,259,259,259,259,259
?,1250,1250,1250,1250,1250,1250,1250,1250,1250,1250
?,3116,3116,3116,3116,3116,3116,3116,3116,3116,3116
?,3119,3119,3119,3119,3119,3119,3119,3119,3119,3119
?,998,998,998,998,998,998,998,998,998,998
?,2160,2160,2160,2160,2160,2160,2160,2160,2160,2160
?,996,996,996,996,996,996,996,996,996,996
?,2037,2037,2037,2037,2037,2037,2037,2037,2037,2037
?,3349,3349,3349,3349,3349,3349,3349,3349,3349,3349
?,53,53,53,53,53,53,53,53,53,53
?,3140,3140,3140,3140,3140,3140,3140,3140,3140,3140
-,974,974,974,974,974,974,974,974,974,974
-,1429,1429,1429,1429,1429,1429,1429,1429,1429,1429
+,379,543,365,722,598,481,223,62,964,128
+,418,473,225,763,651,685,844,129,174,563
+,1378,835,946,829,458,944,933,23,319,726
+,881,807,260,42,781,744,994,156,339,350
+,636,297,930,420,533,618,743,808,717,700
+,1138,592,814,460,913,937,469,664,39,300
+,1393,106,425,488,994,571,550,874,977,70
+,1731,807,597,431,652,803,884,292,409,890
+,2859,471,238,540,400,861,805,894,351,389
+,653,10,304,987,988,285,527,687,949,919
+,26,764,687,441,511,764,233,212,191,728
+,1139,638,868,72,987,706,166,290,557,616
+,2413,360,547,476,940,706,448,29,10,675
+,1839,433,912,165,244,693,629,268,962,320
?,2286,2286,2286,2286,2286,2286,2286,2286,2286,2286
?,1308,1308,1308,1308,1308,1308,1308,1308,1308,1308
?,3455,3455,3455,3455,3455,3455,3455,3455,3455,3455
?,2250,2250,2250,2250,2250,2250,2250,2250,2250,2250
?,261,261,261,261,261,261,261,261,261,261
?,4000,4000,4000,4000,4000,4000,4000,4000,4000,4000
?,3380,3380,3380,3380,3380,3380,3380,3380,3380,3380
?,197,197,197,197,197,197,197,197,197,197
?,2647,2647,2647,2647,2647,2647,2647,2647,2647,2647
?,1691,1691,1691,1691,1691,1691,1691,1691,1691,1691
?,485,485,485,485,485,485,485,485,485,485
?,698,698,698,698,698,698,698,698,698,698
?,1055,1055,1055,1055,1055,1055,1055,1055,1055,1055
?,387,387,387,387,387,387,387,387,387,387
?,1847,1847,1847,1847,1847,1847,1847,1847,1847,1847
?,2007,2007,2007,2007,2007,2007,2007,2007,2007,2007
?,4192,4192,4192,4192,4192,4192,4192,4192,4192,4192
?,238,238,238,238,238,238,238,238,238,238
?,962,962,962,962,962,962,962,962,962,962
?,1977,1977,1977,1977,1977,1977,1977,1977,1977,1977
?,4134,4134,4134,4134,4134,4134,4134,4134,4134,4134
?,4087,4087,4087,4087,4087,4087,4087,4087,4087,4087
?,747,747,747,747,747,747,747,747,747,747
?,3080,3080,3080,3080,3080,3080,3080,3080,3080,3080
?,1178,1178,1178,1178,1178,1178,1178,1178,1178,1178
?,1834,1834,1834,1834,1834,1834,1834,1834,1834,1834
?,2030,2030,2030,2030,2030,2030,2030,2030,2030,2030
?,2916,2916,2916,2916,2916,2916,2916,2916,2916,2916
?,3476,3476,3476,3476,3476,3476,3476,3476,3476,3476
?,437,437,437,437,437,437,437,437,437,437
?,2626,2626,2626,2626,2626,2626,2626,2626,2626,2626
?,621,621,621,621,621,621,621,621,621,621
?,313,313,313,313,313,313,313,313,313,313
?,139,139,139,139,139,139,139,139,139,139
?,959,959,959,959,959,959,959,959,959,959
?,2999,2999,2999,2999,2999,2999,2999,2999,2999,2999
?,1790,1790,1790,1790,1790,1790,1790,1790,1790,1790
?,1694,1694,1694,1694,1694,1694,1694,1694,1694,1694
-,201,201,201,201,201,201,201,201,201,201
-,521,521,521,521,521,521,521,521,521,521
-,1039,1039,1039,1039,1039,1039,1039,1039,1039,1039
-,371,371,371,371,371,371,371,371,371,371
-,671,671,671,671,671,671,671,671,671,671
-,1961,1961,1961,1961,1961,1961,1961,1961,1961,1961
-,1749,1749,1749,1749,1749,1749,1749,1749,1749,1749
-,1639,1639,1639,1639,1639,1639,1639,1639,1639,1639
+,902,568,474,317,470,482,740,879,508,261
+,1718,470,18,226,412,394,420,880,780,361
+,2232,12,3,688,990,460,386,985,734,142
+,2872,875,562,872,158,123,886,990,185,806
+,2661,660,551,130,123,594,848,950,217,879
+,2932,515,425,885,981,550,168,492,568,809
+,814,780,450,136,436,267,725,809,220,613
+,2298,202,870,11,928,306,739,797,368,659
+,108,858,441,583,170,678,778,37,921,411
+,2465,675,989,406,33,908,279,556,360,237
+,2069,186,207,258,669,936,270,210,348,533
+,952,744,283,592,899,575,93,115,989,533
+,895,316,880,817,443,359,100,157,990,267
+,383,121,29,893,398,767,240,478,570,698
+,122,485,775,724,19,314,572,727,743,960
+,130,808,385,258,640,972,541,97,85,705
+,1728,744,346,593,358,947,370,755,839,565
+,2418,640,726,381,586,954,264,170,75,637
+,356,511,587,772,202,943,106,213,781,873
+,2233,198,931,705,403,344,590,508,181,500
+,2771,472,437,532,504,487,499,374,581,214
+,419,807,572,435,73,213,853,794,316,91
+,571,263,609,74,598,354,225,793,833,568
+,914,982,560,668,557,818,304,183,442,805
+,1003,875,133,196,205,622,621,13,695,830
+,1126,869,415,117,372,886,28,33,96,76
?,1835,1835,1835,1835,1835,1835,1835,1835,1835,1835
?,871,871,871,871,871,871,871,871,871,871
?,2739,2739,2739,2739,2739,2739,2739,2739,2739,2739
-,2686,2686,2686,2686,2686,2686,2686,2686,2686,2686
-,319,319,319,319,319,319,319,319,319,319
-,488,488,488,488,488,488,488,488,488,488
+,102,326,716,189,224,568,673,105,824,564
+,456,814,950,523,590,195,929,390,663,196
+,2619,686,641,170,795,854,470,562,666,436
?,175,175,175,175,175,175,175,175,175,175
?,3917,3917,3917,3917,3917,3917,3917,3917,3917,3917
?,326,326,326,326,326,326,326,326,326,326
?,2247,2247,2247,2247,2247,2247,2247,2247,2247,2247
?,1480,1480,1480,1480,1480,1480,1480,1480,1480,1480
?,1903,1903,1903,1903,1903,1903,1903,1903,1903,1903
?,2886,2886,2886,2886,2886,2886,2886,2886,2886,2886
?,3741,3741,3741,3741,3741,3741,3741,3741,3741,3741
?,1893,1893,1893,1893,1893,1893,1893,1893,1893,1893
-,953,953,953,953,953,953,953,953,953,953
?,2076,2076,2076,2076,2076,2076,2076,2076,2076,2076
?,2060,2060,2060,2060,2060,2060,2060,2060,2060,2060
-,2712,2712,2712,2712,2712,2712,2712,2712,2712,2712
?,494,494,494,494,494,494,494,494,494,494
?,3390,3390,3390,3390,3390,3390,3390,3390,3390,3390
